200 7960 
1 127 1
1 185 1
1 195 1
1 93 1
1 187 1
1 41 1
1 21 1
1 114 1
1 108 1
1 171 1
1 77 1
1 46 1
1 141 1
1 135 1
1 67 1
1 104 1
1 82 1
1 43 1
1 132 1
1 5 1
1 179 1
1 189 1
1 198 1
1 60 1
1 91 1
1 143 1
1 59 1
1 50 1
1 24 1
1 199 1
1 30 1
1 194 1
1 139 1
1 102 1
1 84 1
1 56 1
1 42 1
1 161 1
1 110 1
1 73 1
1 68 1
1 172 1
1 193 1
1 9 1
1 45 1
1 118 1
1 49 1
1 131 1
1 129 1
1 165 1
1 4 1
1 15 1
1 162 1
1 52 1
1 3 1
1 151 1
1 63 1
1 81 1
1 130 1
1 12 1
1 37 1
1 20 1
1 178 1
1 138 1
1 48 1
1 125 1
1 8 1
1 109 1
1 174 1
1 173 1
1 160 1
1 191 1
1 34 1
1 6 1
1 32 1
1 116 1
1 19 1
1 11 1
1 39 1
1 122 1
1 167 1
1 145 1
1 154 1
1 121 1
1 47 1
2 118 1
2 42 1
2 164 1
2 32 1
2 105 1
2 87 1
2 21 1
2 197 1
2 7 1
2 101 1
2 61 1
2 198 1
2 187 1
2 137 1
2 99 1
2 116 1
2 122 1
2 163 1
2 124 1
2 125 1
2 112 1
2 79 1
2 151 1
2 77 1
2 8 1
2 93 1
2 154 1
2 57 1
2 180 1
2 161 1
2 62 1
2 45 1
2 39 1
2 134 1
2 177 1
2 6 1
2 88 1
2 120 1
2 67 1
2 9 1
2 175 1
2 189 1
2 190 1
2 173 1
2 184 1
2 110 1
2 132 1
2 74 1
2 123 1
2 10 1
2 85 1
2 16 1
2 146 1
2 158 1
2 195 1
2 38 1
2 188 1
2 129 1
2 70 1
2 91 1
2 141 1
2 51 1
2 121 1
2 108 1
2 126 1
2 200 1
2 65 1
2 68 1
2 78 1
2 135 1
2 71 1
2 49 1
2 113 1
2 95 1
2 109 1
2 76 1
2 59 1
2 66 1
3 45 1
3 30 1
3 35 1
3 6 1
3 125 1
3 137 1
3 117 1
3 175 1
3 171 1
3 94 1
3 163 1
3 113 1
3 34 1
3 170 1
3 27 1
3 36 1
3 96 1
3 174 1
3 53 1
3 112 1
3 141 1
3 149 1
3 29 1
3 63 1
3 127 1
3 69 1
3 107 1
3 75 1
3 106 1
3 11 1
3 21 1
3 103 1
3 169 1
3 64 1
3 38 1
3 17 1
3 119 1
3 143 1
3 168 1
3 165 1
3 14 1
3 62 1
3 102 1
3 87 1
3 187 1
3 139 1
3 124 1
3 157 1
3 7 1
3 193 1
3 68 1
3 131 1
3 47 1
3 77 1
3 67 1
3 89 1
3 39 1
3 56 1
3 198 1
3 145 1
3 166 1
3 81 1
3 161 1
3 111 1
3 61 1
3 66 1
3 60 1
3 194 1
3 114 1
3 155 1
3 146 1
3 65 1
3 152 1
3 147 1
3 54 1
3 82 1
3 167 1
3 104 1
4 111 1
4 90 1
4 193 1
4 24 1
4 16 1
4 95 1
4 77 1
4 45 1
4 14 1
4 155 1
4 195 1
4 114 1
4 163 1
4 168 1
4 153 1
4 142 1
4 44 1
4 29 1
4 171 1
4 147 1
4 104 1
4 100 1
4 129 1
4 78 1
4 84 1
4 54 1
4 60 1
4 71 1
4 98 1
4 17 1
4 178 1
4 101 1
4 140 1
4 42 1
4 152 1
4 119 1
4 25 1
4 69 1
4 27 1
4 136 1
4 93 1
4 149 1
4 165 1
4 160 1
4 194 1
4 46 1
4 20 1
4 191 1
4 31 1
4 103 1
4 99 1
4 107 1
4 22 1
4 68 1
4 55 1
4 38 1
4 87 1
4 133 1
4 40 1
4 197 1
4 148 1
4 34 1
4 166 1
4 105 1
4 57 1
4 123 1
4 106 1
4 37 1
4 66 1
4 161 1
4 23 1
4 186 1
4 134 1
4 58 1
4 164 1
4 196 1
4 125 1
4 162 1
4 157 1
4 43 1
4 28 1
4 19 1
4 145 1
4 183 1
5 10 1
5 139 1
5 71 1
5 133 1
5 105 1
5 115 1
5 108 1
5 25 1
5 126 1
5 143 1
5 114 1
5 31 1
5 172 1
5 137 1
5 140 1
5 49 1
5 21 1
5 87 1
5 63 1
5 102 1
5 119 1
5 51 1
5 130 1
5 99 1
5 60 1
5 198 1
5 6 1
5 58 1
5 176 1
5 38 1
5 29 1
5 166 1
5 117 1
5 170 1
5 118 1
5 178 1
5 48 1
5 120 1
5 92 1
5 158 1
5 89 1
5 96 1
5 103 1
5 40 1
5 125 1
5 190 1
5 106 1
5 113 1
5 15 1
5 56 1
5 186 1
5 72 1
5 183 1
5 165 1
5 192 1
5 122 1
5 73 1
5 123 1
5 45 1
5 100 1
5 20 1
5 26 1
5 141 1
5 41 1
5 138 1
5 185 1
5 132 1
5 153 1
5 79 1
5 12 1
5 44 1
5 121 1
5 127 1
5 128 1
5 93 1
5 78 1
5 76 1
5 152 1
5 111 1
5 189 1
6 132 1
6 183 1
6 198 1
6 39 1
6 168 1
6 68 1
6 191 1
6 17 1
6 158 1
6 59 1
6 79 1
6 149 1
6 124 1
6 118 1
6 150 1
6 169 1
6 182 1
6 120 1
6 200 1
6 142 1
6 34 1
6 56 1
6 99 1
6 14 1
6 126 1
6 36 1
6 29 1
6 69 1
6 175 1
6 188 1
6 74 1
6 47 1
6 115 1
6 152 1
6 110 1
6 165 1
6 161 1
6 145 1
6 109 1
6 199 1
6 15 1
6 37 1
6 70 1
6 93 1
6 123 1
6 107 1
6 28 1
6 30 1
6 177 1
6 12 1
6 174 1
6 122 1
6 111 1
6 189 1
6 82 1
6 167 1
6 181 1
6 157 1
6 53 1
6 26 1
6 156 1
6 41 1
6 102 1
6 48 1
6 66 1
6 97 1
6 171 1
6 113 1
6 144 1
6 11 1
6 180 1
6 103 1
6 55 1
6 96 1
6 105 1
6 20 1
6 154 1
6 196 1
6 33 1
6 104 1
6 76 1
6 88 1
6 86 1
7 30 1
7 59 1
7 141 1
7 158 1
7 138 1
7 94 1
7 20 1
7 83 1
7 68 1
7 196 1
7 127 1
7 183 1
7 38 1
7 145 1
7 116 1
7 62 1
7 124 1
7 188 1
7 8 1
7 98 1
7 175 1
7 44 1
7 53 1
7 75 1
7 170 1
7 13 1
7 129 1
7 32 1
7 109 1
7 12 1
7 191 1
7 56 1
7 140 1
7 76 1
7 28 1
7 117 1
7 52 1
7 135 1
7 166 1
7 19 1
7 25 1
7 111 1
7 50 1
7 118 1
7 73 1
7 51 1
7 99 1
7 177 1
7 164 1
7 161 1
7 192 1
7 26 1
7 103 1
7 92 1
7 86 1
7 88 1
7 46 1
7 153 1
7 120 1
7 23 1
7 18 1
7 57 1
7 16 1
7 149 1
7 112 1
7 9 1
7 41 1
7 187 1
7 89 1
7 60 1
7 21 1
7 74 1
7 40 1
7 11 1
7 151 1
7 159 1
7 157 1
8 51 1
8 110 1
8 116 1
8 142 1
8 94 1
8 15 1
8 108 1
8 195 1
8 140 1
8 56 1
8 182 1
8 83 1
8 81 1
8 157 1
8 33 1
8 48 1
8 71 1
8 82 1
8 101 1
8 121 1
8 63 1
8 146 1
8 160 1
8 107 1
8 57 1
8 199 1
8 109 1
8 92 1
8 112 1
8 171 1
8 93 1
8 70 1
8 69 1
8 193 1
8 156 1
8 49 1
8 169 1
8 162 1
8 102 1
8 123 1
8 54 1
8 98 1
8 200 1
8 32 1
8 100 1
8 194 1
8 122 1
8 120 1
8 135 1
8 187 1
8 106 1
8 131 1
8 118 1
8 177 1
8 47 1
8 44 1
8 163 1
8 17 1
8 166 1
8 190 1
8 139 1
8 73 1
8 90 1
8 43 1
8 124 1
8 141 1
8 50 1
8 103 1
8 154 1
8 26 1
9 188 1
9 46 1
9 134 1
9 82 1
9 140 1
9 22 1
9 24 1
9 32 1
9 55 1
9 10 1
9 98 1
9 41 1
9 160 1
9 191 1
9 116 1
9 125 1
9 137 1
9 29 1
9 151 1
9 45 1
9 85 1
9 63 1
9 132 1
9 39 1
9 86 1
9 40 1
9 165 1
9 127 1
9 87 1
9 112 1
9 120 1
9 44 1
9 136 1
9 119 1
9 152 1
9 94 1
9 42 1
9 81 1
9 183 1
9 161 1
9 16 1
9 17 1
9 111 1
9 118 1
9 172 1
9 162 1
9 73 1
9 96 1
9 174 1
9 101 1
9 71 1
9 190 1
9 178 1
9 197 1
9 135 1
9 131 1
9 53 1
9 184 1
9 189 1
9 122 1
9 59 1
9 107 1
9 66 1
9 121 1
9 124 1
9 34 1
9 47 1
9 115 1
9 106 1
9 199 1
9 194 1
9 15 1
9 95 1
9 156 1
9 158 1
9 168 1
9 108 1
9 177 1
9 83 1
9 80 1
9 64 1
9 69 1
9 141 1
9 28 1
9 167 1
9 93 1
9 128 1
9 57 1
10 105 1
10 80 1
10 102 1
10 14 1
10 140 1
10 69 1
10 33 1
10 83 1
10 42 1
10 118 1
10 66 1
10 180 1
10 89 1
10 195 1
10 144 1
10 175 1
10 148 1
10 156 1
10 41 1
10 12 1
10 169 1
10 73 1
10 159 1
10 78 1
10 82 1
10 123 1
10 48 1
10 47 1
10 115 1
10 163 1
10 28 1
10 172 1
10 86 1
10 50 1
10 117 1
10 197 1
10 179 1
10 72 1
10 88 1
10 134 1
10 18 1
10 199 1
10 162 1
10 192 1
10 91 1
10 99 1
10 27 1
10 154 1
10 200 1
10 147 1
10 171 1
10 77 1
10 166 1
10 173 1
10 189 1
10 198 1
10 25 1
10 185 1
10 149 1
10 129 1
10 167 1
10 138 1
10 31 1
10 126 1
10 81 1
10 183 1
10 57 1
10 119 1
10 49 1
10 52 1
10 158 1
10 11 1
10 61 1
11 190 1
11 164 1
11 152 1
11 45 1
11 200 1
11 26 1
11 21 1
11 178 1
11 105 1
11 36 1
11 142 1
11 96 1
11 57 1
11 160 1
11 79 1
11 199 1
11 141 1
11 195 1
11 59 1
11 163 1
11 91 1
11 109 1
11 120 1
11 30 1
11 33 1
11 85 1
11 31 1
11 37 1
11 101 1
11 193 1
11 194 1
11 165 1
11 77 1
11 81 1
11 130 1
11 176 1
11 166 1
11 22 1
11 42 1
11 69 1
11 114 1
11 186 1
11 56 1
11 53 1
11 159 1
11 116 1
11 106 1
11 71 1
11 92 1
11 90 1
11 198 1
11 108 1
11 184 1
11 179 1
11 171 1
11 126 1
11 113 1
11 161 1
11 70 1
11 61 1
11 23 1
11 147 1
11 129 1
11 89 1
11 93 1
11 153 1
12 26 1
12 95 1
12 181 1
12 55 1
12 147 1
12 20 1
12 108 1
12 99 1
12 90 1
12 148 1
12 149 1
12 162 1
12 23 1
12 50 1
12 119 1
12 175 1
12 92 1
12 118 1
12 46 1
12 129 1
12 98 1
12 130 1
12 165 1
12 183 1
12 47 1
12 125 1
12 17 1
12 61 1
12 170 1
12 179 1
12 70 1
12 144 1
12 194 1
12 64 1
12 45 1
12 35 1
12 60 1
12 81 1
12 34 1
12 128 1
12 37 1
12 164 1
12 136 1
12 143 1
12 77 1
12 132 1
12 71 1
12 154 1
12 137 1
12 48 1
12 31 1
12 73 1
12 124 1
12 114 1
12 121 1
12 123 1
12 169 1
12 173 1
12 18 1
12 160 1
12 174 1
12 94 1
12 36 1
12 88 1
12 57 1
12 189 1
12 166 1
12 87 1
12 158 1
12 59 1
12 152 1
12 28 1
12 153 1
12 188 1
12 83 1
12 138 1
12 107 1
12 157 1
13 89 1
13 166 1
13 164 1
13 152 1
13 27 1
13 88 1
13 58 1
13 118 1
13 168 1
13 98 1
13 161 1
13 193 1
13 68 1
13 22 1
13 174 1
13 165 1
13 47 1
13 163 1
13 71 1
13 136 1
13 167 1
13 177 1
13 103 1
13 155 1
13 107 1
13 188 1
13 46 1
13 64 1
13 105 1
13 31 1
13 130 1
13 115 1
13 37 1
13 77 1
13 126 1
13 156 1
13 124 1
13 122 1
13 151 1
13 82 1
13 135 1
13 132 1
13 99 1
13 171 1
13 191 1
13 29 1
13 158 1
13 187 1
13 175 1
13 40 1
13 87 1
13 184 1
13 123 1
13 84 1
13 14 1
13 101 1
13 176 1
13 181 1
13 97 1
13 80 1
13 198 1
13 133 1
13 131 1
13 50 1
13 69 1
13 182 1
13 128 1
13 145 1
13 39 1
14 119 1
14 61 1
14 59 1
14 91 1
14 26 1
14 69 1
14 79 1
14 111 1
14 151 1
14 88 1
14 82 1
14 49 1
14 75 1
14 21 1
14 106 1
14 132 1
14 23 1
14 92 1
14 24 1
14 38 1
14 32 1
14 183 1
14 161 1
14 142 1
14 118 1
14 39 1
14 140 1
14 187 1
14 47 1
14 156 1
14 134 1
14 152 1
14 160 1
14 54 1
14 138 1
14 180 1
14 144 1
14 96 1
14 109 1
14 46 1
14 193 1
14 122 1
14 58 1
14 164 1
14 99 1
14 50 1
14 31 1
14 176 1
14 126 1
14 16 1
14 113 1
14 93 1
14 89 1
14 196 1
14 174 1
14 184 1
14 43 1
14 68 1
14 64 1
14 130 1
14 178 1
14 72 1
14 95 1
14 80 1
14 103 1
14 166 1
14 35 1
14 165 1
14 125 1
14 17 1
14 78 1
14 114 1
14 97 1
14 149 1
15 193 1
15 45 1
15 200 1
15 186 1
15 106 1
15 30 1
15 161 1
15 29 1
15 140 1
15 52 1
15 163 1
15 44 1
15 110 1
15 84 1
15 90 1
15 27 1
15 135 1
15 16 1
15 111 1
15 134 1
15 147 1
15 97 1
15 195 1
15 63 1
15 150 1
15 196 1
15 184 1
15 74 1
15 142 1
15 178 1
15 59 1
15 155 1
15 164 1
15 99 1
15 130 1
15 18 1
15 149 1
15 145 1
15 174 1
15 36 1
15 199 1
15 55 1
15 40 1
15 54 1
15 198 1
15 28 1
15 22 1
15 64 1
15 42 1
15 80 1
15 165 1
15 176 1
15 152 1
15 105 1
15 20 1
15 189 1
15 122 1
15 56 1
15 39 1
15 194 1
15 62 1
15 113 1
15 94 1
15 190 1
15 51 1
15 148 1
16 184 1
16 63 1
16 78 1
16 102 1
16 27 1
16 168 1
16 91 1
16 142 1
16 34 1
16 151 1
16 115 1
16 149 1
16 77 1
16 38 1
16 62 1
16 178 1
16 140 1
16 136 1
16 173 1
16 80 1
16 106 1
16 65 1
16 67 1
16 17 1
16 189 1
16 68 1
16 86 1
16 195 1
16 42 1
16 175 1
16 116 1
16 183 1
16 98 1
16 135 1
16 94 1
16 174 1
16 43 1
16 110 1
16 120 1
16 69 1
16 145 1
16 92 1
16 146 1
16 41 1
16 99 1
16 25 1
16 163 1
16 105 1
16 144 1
16 132 1
16 167 1
16 157 1
16 84 1
16 46 1
16 55 1
16 101 1
16 122 1
16 156 1
16 158 1
16 113 1
16 82 1
16 81 1
16 171 1
16 44 1
16 33 1
16 28 1
16 165 1
16 164 1
16 53 1
16 20 1
16 124 1
16 131 1
17 125 1
17 106 1
17 37 1
17 48 1
17 144 1
17 64 1
17 127 1
17 91 1
17 167 1
17 104 1
17 95 1
17 43 1
17 34 1
17 79 1
17 142 1
17 28 1
17 80 1
17 118 1
17 41 1
17 143 1
17 181 1
17 168 1
17 155 1
17 116 1
17 58 1
17 75 1
17 36 1
17 60 1
17 109 1
17 72 1
17 114 1
17 165 1
17 141 1
17 87 1
17 122 1
17 133 1
17 160 1
17 163 1
17 146 1
17 200 1
17 148 1
17 186 1
17 30 1
17 74 1
17 108 1
17 177 1
17 26 1
17 113 1
17 169 1
17 99 1
17 159 1
17 19 1
17 176 1
17 151 1
17 97 1
17 134 1
17 187 1
17 115 1
17 90 1
17 135 1
17 182 1
17 138 1
17 123 1
17 173 1
17 93 1
17 117 1
17 44 1
17 46 1
17 32 1
17 161 1
17 149 1
17 56 1
17 198 1
17 136 1
17 119 1
18 84 1
18 87 1
18 30 1
18 119 1
18 88 1
18 186 1
18 199 1
18 35 1
18 188 1
18 114 1
18 122 1
18 82 1
18 41 1
18 125 1
18 178 1
18 174 1
18 175 1
18 58 1
18 136 1
18 76 1
18 89 1
18 139 1
18 179 1
18 167 1
18 198 1
18 150 1
18 180 1
18 70 1
18 196 1
18 101 1
18 106 1
18 21 1
18 103 1
18 157 1
18 45 1
18 127 1
18 26 1
18 144 1
18 91 1
18 169 1
18 148 1
18 96 1
18 118 1
18 194 1
18 57 1
18 117 1
18 99 1
18 69 1
18 171 1
18 48 1
18 129 1
18 151 1
18 163 1
18 72 1
18 54 1
18 123 1
18 60 1
18 95 1
18 20 1
18 55 1
18 71 1
18 43 1
18 90 1
19 113 1
19 110 1
19 140 1
19 177 1
19 69 1
19 132 1
19 188 1
19 190 1
19 95 1
19 130 1
19 144 1
19 91 1
19 146 1
19 125 1
19 163 1
19 162 1
19 194 1
19 37 1
19 197 1
19 65 1
19 133 1
19 101 1
19 107 1
19 36 1
19 67 1
19 21 1
19 191 1
19 176 1
19 155 1
19 180 1
19 149 1
19 22 1
19 179 1
19 105 1
19 135 1
19 84 1
19 75 1
19 186 1
19 170 1
19 99 1
19 92 1
19 86 1
19 165 1
19 159 1
19 198 1
19 120 1
19 141 1
19 96 1
19 35 1
19 109 1
19 168 1
19 26 1
19 104 1
19 63 1
19 145 1
19 127 1
19 76 1
19 192 1
19 72 1
19 24 1
19 151 1
19 59 1
19 175 1
19 55 1
19 196 1
19 44 1
19 106 1
19 108 1
19 31 1
19 57 1
19 60 1
19 199 1
19 30 1
19 185 1
20 85 1
20 103 1
20 64 1
20 88 1
20 67 1
20 66 1
20 46 1
20 161 1
20 184 1
20 93 1
20 71 1
20 43 1
20 57 1
20 140 1
20 58 1
20 37 1
20 90 1
20 41 1
20 101 1
20 183 1
20 26 1
20 196 1
20 32 1
20 119 1
20 133 1
20 170 1
20 150 1
20 31 1
20 147 1
20 48 1
20 91 1
20 137 1
20 39 1
20 176 1
20 49 1
20 108 1
20 77 1
20 123 1
20 60 1
20 155 1
20 52 1
20 146 1
20 165 1
20 168 1
20 167 1
20 84 1
20 105 1
20 182 1
20 127 1
20 143 1
20 116 1
20 102 1
20 38 1
20 50 1
20 126 1
20 192 1
20 106 1
20 199 1
20 136 1
20 173 1
20 113 1
20 163 1
20 130 1
20 44 1
20 132 1
20 193 1
20 35 1
20 118 1
20 157 1
20 117 1
21 190 1
21 70 1
21 158 1
21 73 1
21 130 1
21 161 1
21 85 1
21 155 1
21 127 1
21 88 1
21 68 1
21 145 1
21 105 1
21 45 1
21 141 1
21 59 1
21 132 1
21 51 1
21 146 1
21 152 1
21 91 1
21 40 1
21 136 1
21 157 1
21 29 1
21 168 1
21 144 1
21 171 1
21 80 1
21 129 1
21 120 1
21 87 1
21 69 1
21 197 1
21 25 1
21 31 1
21 107 1
21 93 1
21 104 1
21 147 1
21 63 1
21 172 1
21 139 1
21 90 1
21 79 1
21 55 1
21 134 1
21 92 1
21 175 1
21 128 1
21 62 1
21 111 1
21 57 1
21 97 1
21 94 1
21 178 1
21 75 1
21 174 1
21 153 1
21 89 1
21 131 1
21 95 1
21 123 1
21 43 1
21 121 1
21 140 1
21 164 1
21 103 1
21 191 1
22 74 1
22 190 1
22 102 1
22 26 1
22 58 1
22 100 1
22 79 1
22 64 1
22 71 1
22 130 1
22 178 1
22 176 1
22 36 1
22 198 1
22 146 1
22 109 1
22 38 1
22 91 1
22 165 1
22 75 1
22 153 1
22 195 1
22 143 1
22 61 1
22 40 1
22 80 1
22 136 1
22 62 1
22 68 1
22 49 1
22 55 1
22 60 1
22 191 1
22 45 1
22 175 1
22 173 1
22 46 1
22 39 1
22 41 1
22 101 1
22 185 1
22 145 1
22 32 1
22 127 1
22 152 1
22 156 1
22 157 1
22 78 1
22 92 1
22 37 1
22 151 1
22 104 1
22 167 1
22 149 1
22 182 1
22 113 1
22 30 1
22 166 1
22 181 1
22 114 1
23 200 1
23 154 1
23 47 1
23 191 1
23 124 1
23 103 1
23 114 1
23 189 1
23 102 1
23 104 1
23 190 1
23 199 1
23 144 1
23 131 1
23 70 1
23 138 1
23 148 1
23 50 1
23 197 1
23 140 1
23 92 1
23 74 1
23 123 1
23 90 1
23 97 1
23 96 1
23 157 1
23 120 1
23 80 1
23 182 1
23 54 1
23 117 1
23 53 1
23 132 1
23 183 1
23 57 1
23 145 1
23 106 1
23 166 1
23 133 1
23 93 1
23 43 1
23 169 1
23 61 1
23 69 1
23 84 1
23 153 1
23 128 1
23 85 1
23 119 1
23 161 1
23 28 1
23 175 1
23 107 1
23 129 1
23 173 1
23 184 1
23 77 1
23 110 1
23 164 1
23 66 1
23 196 1
23 126 1
23 108 1
23 188 1
23 105 1
23 73 1
24 156 1
24 142 1
24 163 1
24 174 1
24 118 1
24 43 1
24 77 1
24 42 1
24 134 1
24 138 1
24 31 1
24 149 1
24 158 1
24 67 1
24 131 1
24 46 1
24 103 1
24 80 1
24 191 1
24 26 1
24 175 1
24 120 1
24 195 1
24 45 1
24 101 1
24 89 1
24 150 1
24 176 1
24 135 1
24 168 1
24 136 1
24 145 1
24 161 1
24 62 1
24 32 1
24 177 1
24 39 1
24 93 1
24 81 1
24 105 1
24 171 1
24 165 1
24 189 1
24 139 1
24 79 1
24 160 1
24 61 1
24 121 1
24 47 1
24 167 1
24 183 1
24 132 1
24 35 1
24 28 1
24 48 1
24 59 1
24 146 1
24 178 1
24 78 1
24 33 1
24 99 1
24 60 1
24 170 1
24 88 1
24 74 1
24 68 1
24 197 1
24 112 1
24 75 1
24 50 1
24 128 1
24 34 1
24 116 1
24 164 1
25 127 1
25 169 1
25 148 1
25 67 1
25 195 1
25 147 1
25 130 1
25 97 1
25 82 1
25 167 1
25 38 1
25 163 1
25 190 1
25 124 1
25 60 1
25 105 1
25 161 1
25 149 1
25 36 1
25 116 1
25 143 1
25 193 1
25 187 1
25 198 1
25 27 1
25 165 1
25 93 1
25 132 1
25 72 1
25 171 1
25 34 1
25 199 1
25 136 1
25 76 1
25 134 1
25 128 1
25 175 1
25 75 1
25 63 1
25 78 1
25 59 1
25 92 1
25 58 1
25 56 1
25 90 1
25 33 1
25 200 1
25 74 1
25 180 1
25 98 1
25 44 1
25 62 1
25 185 1
25 189 1
25 29 1
25 45 1
25 46 1
25 91 1
25 66 1
25 54 1
25 106 1
25 61 1
25 177 1
25 71 1
25 172 1
25 153 1
25 52 1
25 48 1
25 166 1
25 37 1
25 70 1
26 105 1
26 67 1
26 29 1
26 198 1
26 144 1
26 34 1
26 39 1
26 126 1
26 175 1
26 161 1
26 121 1
26 56 1
26 43 1
26 148 1
26 137 1
26 141 1
26 158 1
26 149 1
26 131 1
26 189 1
26 168 1
26 187 1
26 194 1
26 159 1
26 185 1
26 118 1
26 146 1
26 100 1
26 171 1
26 199 1
26 88 1
26 37 1
26 130 1
26 129 1
26 44 1
26 57 1
26 120 1
26 33 1
26 107 1
26 86 1
26 89 1
26 113 1
26 58 1
26 138 1
26 191 1
26 116 1
26 151 1
26 136 1
26 114 1
26 80 1
26 61 1
26 154 1
26 190 1
26 62 1
26 71 1
26 193 1
26 174 1
26 135 1
26 68 1
26 95 1
26 165 1
26 66 1
26 72 1
26 65 1
26 122 1
26 119 1
26 74 1
26 83 1
26 97 1
26 82 1
26 41 1
26 104 1
26 63 1
26 184 1
27 87 1
27 127 1
27 175 1
27 146 1
27 69 1
27 172 1
27 130 1
27 60 1
27 59 1
27 173 1
27 187 1
27 100 1
27 107 1
27 114 1
27 138 1
27 170 1
27 71 1
27 186 1
27 31 1
27 120 1
27 133 1
27 181 1
27 94 1
27 191 1
27 72 1
27 153 1
27 65 1
27 122 1
27 33 1
27 78 1
27 54 1
27 148 1
27 85 1
27 96 1
27 36 1
27 38 1
27 49 1
27 115 1
27 145 1
27 159 1
27 105 1
27 190 1
27 171 1
27 79 1
27 37 1
27 101 1
27 150 1
27 196 1
27 91 1
27 28 1
27 162 1
27 199 1
27 161 1
27 67 1
27 184 1
27 35 1
27 185 1
27 200 1
27 116 1
27 134 1
27 131 1
27 39 1
27 152 1
27 188 1
27 183 1
27 192 1
27 99 1
27 154 1
27 34 1
27 45 1
27 108 1
27 29 1
27 179 1
27 73 1
27 182 1
27 41 1
27 137 1
28 45 1
28 160 1
28 132 1
28 168 1
28 68 1
28 191 1
28 176 1
28 192 1
28 62 1
28 70 1
28 53 1
28 139 1
28 56 1
28 177 1
28 164 1
28 158 1
28 198 1
28 172 1
28 159 1
28 136 1
28 156 1
28 78 1
28 93 1
28 124 1
28 137 1
28 114 1
28 157 1
28 131 1
28 184 1
28 133 1
28 44 1
28 181 1
28 104 1
28 92 1
28 90 1
28 29 1
28 72 1
28 188 1
28 197 1
28 98 1
28 69 1
28 51 1
28 95 1
28 76 1
28 115 1
28 73 1
28 125 1
28 86 1
28 82 1
28 196 1
28 143 1
28 101 1
28 40 1
28 30 1
28 169 1
28 119 1
28 166 1
28 63 1
28 58 1
28 81 1
28 36 1
28 118 1
28 85 1
28 66 1
28 88 1
28 152 1
28 135 1
28 87 1
28 134 1
28 112 1
28 107 1
28 150 1
29 200 1
29 123 1
29 52 1
29 78 1
29 116 1
29 126 1
29 143 1
29 109 1
29 179 1
29 74 1
29 45 1
29 99 1
29 59 1
29 192 1
29 70 1
29 47 1
29 197 1
29 190 1
29 77 1
29 84 1
29 189 1
29 161 1
29 136 1
29 110 1
29 67 1
29 63 1
29 62 1
29 69 1
29 75 1
29 157 1
29 188 1
29 81 1
29 97 1
29 35 1
29 92 1
29 199 1
29 165 1
29 133 1
29 32 1
29 61 1
29 119 1
29 94 1
29 186 1
29 114 1
29 195 1
29 149 1
29 53 1
29 130 1
29 49 1
29 185 1
29 124 1
29 169 1
29 107 1
29 34 1
29 56 1
29 41 1
29 72 1
29 167 1
29 111 1
29 158 1
29 155 1
29 128 1
29 178 1
29 38 1
29 159 1
29 163 1
29 85 1
29 33 1
29 120 1
29 180 1
30 200 1
30 107 1
30 47 1
30 66 1
30 85 1
30 142 1
30 110 1
30 155 1
30 118 1
30 41 1
30 124 1
30 117 1
30 151 1
30 183 1
30 192 1
30 119 1
30 159 1
30 135 1
30 166 1
30 86 1
30 68 1
30 171 1
30 140 1
30 147 1
30 149 1
30 167 1
30 184 1
30 180 1
30 92 1
30 132 1
30 57 1
30 131 1
30 197 1
30 199 1
30 55 1
30 168 1
30 137 1
30 88 1
30 104 1
30 139 1
30 70 1
30 194 1
30 94 1
30 103 1
30 72 1
30 105 1
30 123 1
30 98 1
30 63 1
30 165 1
30 53 1
30 150 1
30 91 1
30 174 1
30 99 1
30 67 1
30 54 1
30 79 1
30 152 1
30 198 1
30 160 1
30 187 1
30 163 1
30 78 1
30 49 1
30 65 1
30 128 1
31 180 1
31 140 1
31 162 1
31 37 1
31 199 1
31 80 1
31 155 1
31 189 1
31 100 1
31 141 1
31 68 1
31 38 1
31 147 1
31 93 1
31 83 1
31 119 1
31 138 1
31 103 1
31 73 1
31 122 1
31 130 1
31 46 1
31 62 1
31 78 1
31 143 1
31 74 1
31 165 1
31 129 1
31 142 1
31 104 1
31 33 1
31 200 1
31 188 1
31 161 1
31 137 1
31 132 1
31 131 1
31 45 1
31 53 1
31 91 1
31 123 1
31 139 1
31 101 1
31 163 1
31 152 1
31 71 1
31 153 1
31 81 1
31 184 1
31 158 1
31 52 1
31 149 1
31 40 1
31 95 1
31 84 1
31 98 1
31 190 1
31 86 1
31 109 1
31 114 1
31 88 1
31 96 1
31 39 1
31 55 1
32 157 1
32 111 1
32 36 1
32 39 1
32 189 1
32 119 1
32 129 1
32 196 1
32 81 1
32 124 1
32 185 1
32 168 1
32 152 1
32 125 1
32 101 1
32 82 1
32 114 1
32 149 1
32 40 1
32 139 1
32 166 1
32 90 1
32 186 1
32 190 1
32 74 1
32 50 1
32 45 1
32 55 1
32 43 1
32 121 1
32 63 1
32 167 1
32 162 1
32 163 1
32 37 1
32 151 1
32 137 1
32 92 1
32 133 1
32 165 1
32 104 1
32 115 1
32 126 1
32 192 1
32 78 1
32 127 1
32 156 1
32 71 1
32 132 1
32 123 1
32 128 1
32 130 1
32 118 1
32 141 1
32 46 1
32 182 1
32 187 1
32 197 1
32 116 1
32 52 1
32 68 1
32 35 1
32 150 1
32 87 1
32 164 1
32 153 1
32 143 1
32 148 1
33 120 1
33 113 1
33 134 1
33 132 1
33 55 1
33 146 1
33 65 1
33 137 1
33 147 1
33 87 1
33 127 1
33 175 1
33 78 1
33 143 1
33 167 1
33 118 1
33 110 1
33 61 1
33 177 1
33 107 1
33 98 1
33 159 1
33 88 1
33 102 1
33 183 1
33 155 1
33 44 1
33 171 1
33 156 1
33 49 1
33 131 1
33 145 1
33 154 1
33 77 1
33 182 1
33 196 1
33 75 1
33 149 1
33 97 1
33 181 1
33 184 1
33 34 1
33 111 1
33 162 1
33 112 1
33 57 1
33 138 1
33 39 1
33 48 1
33 103 1
33 63 1
33 70 1
33 191 1
33 200 1
33 41 1
33 169 1
33 188 1
33 163 1
33 116 1
33 117 1
33 115 1
33 123 1
33 96 1
33 119 1
33 84 1
33 100 1
33 52 1
33 67 1
33 151 1
33 109 1
33 142 1
33 105 1
34 87 1
34 139 1
34 134 1
34 44 1
34 177 1
34 80 1
34 127 1
34 102 1
34 82 1
34 183 1
34 189 1
34 39 1
34 54 1
34 37 1
34 108 1
34 107 1
34 73 1
34 77 1
34 69 1
34 112 1
34 101 1
34 138 1
34 46 1
34 71 1
34 45 1
34 181 1
34 156 1
34 165 1
34 184 1
34 36 1
34 126 1
34 176 1
34 142 1
34 88 1
34 116 1
34 65 1
34 53 1
34 160 1
34 169 1
34 170 1
34 115 1
34 199 1
34 164 1
34 192 1
34 157 1
34 93 1
34 197 1
34 148 1
34 51 1
34 84 1
34 67 1
34 153 1
34 40 1
34 200 1
34 196 1
34 191 1
34 159 1
34 162 1
34 104 1
34 140 1
34 187 1
34 58 1
34 92 1
34 50 1
34 144 1
35 76 1
35 134 1
35 170 1
35 137 1
35 55 1
35 191 1
35 176 1
35 154 1
35 143 1
35 160 1
35 100 1
35 97 1
35 135 1
35 44 1
35 182 1
35 93 1
35 163 1
35 114 1
35 60 1
35 120 1
35 161 1
35 108 1
35 172 1
35 47 1
35 146 1
35 152 1
35 50 1
35 180 1
35 141 1
35 142 1
35 37 1
35 162 1
35 45 1
35 113 1
35 186 1
35 72 1
35 103 1
35 130 1
35 89 1
35 194 1
35 148 1
35 99 1
35 190 1
35 71 1
35 87 1
35 173 1
35 102 1
35 174 1
35 122 1
35 187 1
35 38 1
35 199 1
35 127 1
35 105 1
35 159 1
35 179 1
35 183 1
35 94 1
35 82 1
35 81 1
36 143 1
36 72 1
36 174 1
36 198 1
36 118 1
36 180 1
36 106 1
36 148 1
36 183 1
36 98 1
36 155 1
36 140 1
36 94 1
36 47 1
36 74 1
36 147 1
36 153 1
36 103 1
36 46 1
36 126 1
36 189 1
36 53 1
36 71 1
36 132 1
36 142 1
36 182 1
36 91 1
36 176 1
36 76 1
36 100 1
36 186 1
36 64 1
36 57 1
36 172 1
36 60 1
36 158 1
36 55 1
36 160 1
36 113 1
36 161 1
36 65 1
36 82 1
36 77 1
36 73 1
36 44 1
36 114 1
36 129 1
36 49 1
36 125 1
36 105 1
36 50 1
36 70 1
36 169 1
36 37 1
36 139 1
36 56 1
36 110 1
36 149 1
37 116 1
37 57 1
37 107 1
37 46 1
37 149 1
37 161 1
37 39 1
37 164 1
37 144 1
37 114 1
37 110 1
37 122 1
37 80 1
37 51 1
37 81 1
37 83 1
37 188 1
37 99 1
37 185 1
37 101 1
37 69 1
37 178 1
37 172 1
37 168 1
37 115 1
37 74 1
37 162 1
37 189 1
37 139 1
37 191 1
37 84 1
37 66 1
37 92 1
37 82 1
37 177 1
37 113 1
37 142 1
37 71 1
37 47 1
37 56 1
37 195 1
37 124 1
37 68 1
37 89 1
37 86 1
37 196 1
37 70 1
37 131 1
37 62 1
37 45 1
37 152 1
37 87 1
37 186 1
37 187 1
37 85 1
37 117 1
37 126 1
37 147 1
37 132 1
37 67 1
37 153 1
37 79 1
37 137 1
37 118 1
37 200 1
37 192 1
37 163 1
37 130 1
37 42 1
37 58 1
37 88 1
37 171 1
38 58 1
38 80 1
38 59 1
38 181 1
38 84 1
38 65 1
38 196 1
38 167 1
38 127 1
38 53 1
38 188 1
38 73 1
38 111 1
38 158 1
38 90 1
38 187 1
38 74 1
38 107 1
38 123 1
38 165 1
38 54 1
38 42 1
38 178 1
38 133 1
38 135 1
38 128 1
38 71 1
38 106 1
38 110 1
38 168 1
38 146 1
38 83 1
38 155 1
38 129 1
38 156 1
38 60 1
38 98 1
38 89 1
38 76 1
38 103 1
38 72 1
38 125 1
38 170 1
38 78 1
38 157 1
38 161 1
38 152 1
38 96 1
38 40 1
38 200 1
38 94 1
38 164 1
38 141 1
38 52 1
38 105 1
38 121 1
38 122 1
38 171 1
38 93 1
38 108 1
38 179 1
38 197 1
38 130 1
38 174 1
38 86 1
38 57 1
38 176 1
38 39 1
38 64 1
38 134 1
38 113 1
38 142 1
38 67 1
38 145 1
38 92 1
38 124 1
39 137 1
39 125 1
39 59 1
39 116 1
39 92 1
39 75 1
39 93 1
39 48 1
39 126 1
39 139 1
39 183 1
39 60 1
39 191 1
39 155 1
39 156 1
39 175 1
39 145 1
39 41 1
39 134 1
39 168 1
39 52 1
39 57 1
39 79 1
39 164 1
39 190 1
39 136 1
39 129 1
39 81 1
39 94 1
39 154 1
39 133 1
39 56 1
39 174 1
39 64 1
39 176 1
39 171 1
39 172 1
39 100 1
39 42 1
39 104 1
39 62 1
39 185 1
39 95 1
39 96 1
39 73 1
39 141 1
39 40 1
39 153 1
39 198 1
39 89 1
39 80 1
39 55 1
39 117 1
39 146 1
39 51 1
39 121 1
39 138 1
39 187 1
39 192 1
39 200 1
39 84 1
40 92 1
40 196 1
40 114 1
40 118 1
40 82 1
40 198 1
40 89 1
40 193 1
40 170 1
40 96 1
40 182 1
40 61 1
40 100 1
40 57 1
40 176 1
40 146 1
40 75 1
40 152 1
40 83 1
40 161 1
40 98 1
40 99 1
40 183 1
40 199 1
40 108 1
40 81 1
40 91 1
40 186 1
40 149 1
40 136 1
40 123 1
40 180 1
40 76 1
40 153 1
40 159 1
40 55 1
40 197 1
40 172 1
40 113 1
40 165 1
40 179 1
40 128 1
40 115 1
40 67 1
40 166 1
40 68 1
40 56 1
40 195 1
40 78 1
40 94 1
40 59 1
40 155 1
40 184 1
40 102 1
40 90 1
40 45 1
40 143 1
40 103 1
40 133 1
41 139 1
41 119 1
41 189 1
41 153 1
41 99 1
41 168 1
41 160 1
41 138 1
41 64 1
41 147 1
41 176 1
41 197 1
41 116 1
41 87 1
41 79 1
41 199 1
41 183 1
41 83 1
41 185 1
41 61 1
41 184 1
41 146 1
41 169 1
41 78 1
41 123 1
41 165 1
41 58 1
41 95 1
41 186 1
41 109 1
41 75 1
41 77 1
41 52 1
41 137 1
41 131 1
41 71 1
41 73 1
41 191 1
41 145 1
41 152 1
41 125 1
41 72 1
41 188 1
41 49 1
41 198 1
41 141 1
41 62 1
41 124 1
41 102 1
41 101 1
41 98 1
41 182 1
41 69 1
41 155 1
41 164 1
41 118 1
41 158 1
41 100 1
41 193 1
41 194 1
41 151 1
41 162 1
42 126 1
42 112 1
42 170 1
42 163 1
42 94 1
42 184 1
42 199 1
42 196 1
42 197 1
42 162 1
42 114 1
42 134 1
42 87 1
42 120 1
42 73 1
42 51 1
42 71 1
42 85 1
42 168 1
42 67 1
42 155 1
42 135 1
42 58 1
42 102 1
42 141 1
42 43 1
42 64 1
42 181 1
42 153 1
42 133 1
42 128 1
42 53 1
42 160 1
42 111 1
42 124 1
42 167 1
42 99 1
42 139 1
42 62 1
42 61 1
42 107 1
42 119 1
42 137 1
42 151 1
42 98 1
42 161 1
42 74 1
42 125 1
42 108 1
42 186 1
43 104 1
43 140 1
43 72 1
43 113 1
43 44 1
43 96 1
43 82 1
43 153 1
43 182 1
43 115 1
43 103 1
43 55 1
43 68 1
43 85 1
43 125 1
43 186 1
43 177 1
43 179 1
43 48 1
43 105 1
43 169 1
43 74 1
43 47 1
43 120 1
43 145 1
43 195 1
43 84 1
43 108 1
43 70 1
43 150 1
43 175 1
43 190 1
43 53 1
43 107 1
43 63 1
43 83 1
43 176 1
43 46 1
43 97 1
43 141 1
43 160 1
43 119 1
43 75 1
43 81 1
43 131 1
43 128 1
43 77 1
43 187 1
43 87 1
43 54 1
43 132 1
43 164 1
43 159 1
43 126 1
43 80 1
43 111 1
43 79 1
43 89 1
43 185 1
43 156 1
43 147 1
43 114 1
43 174 1
43 94 1
43 199 1
44 194 1
44 128 1
44 129 1
44 196 1
44 142 1
44 54 1
44 132 1
44 96 1
44 188 1
44 56 1
44 151 1
44 99 1
44 74 1
44 89 1
44 155 1
44 124 1
44 135 1
44 103 1
44 190 1
44 76 1
44 146 1
44 179 1
44 175 1
44 94 1
44 200 1
44 64 1
44 197 1
44 121 1
44 110 1
44 123 1
44 105 1
44 150 1
44 115 1
44 82 1
44 183 1
44 177 1
44 93 1
44 113 1
44 80 1
44 72 1
44 61 1
44 79 1
44 160 1
44 60 1
44 81 1
44 49 1
44 107 1
44 168 1
44 73 1
44 178 1
44 137 1
44 181 1
44 50 1
44 136 1
44 170 1
44 192 1
44 154 1
44 114 1
44 189 1
44 100 1
44 75 1
44 122 1
44 71 1
45 67 1
45 167 1
45 106 1
45 120 1
45 139 1
45 143 1
45 187 1
45 141 1
45 135 1
45 174 1
45 159 1
45 55 1
45 146 1
45 199 1
45 69 1
45 192 1
45 76 1
45 138 1
45 48 1
45 109 1
45 59 1
45 178 1
45 163 1
45 56 1
45 172 1
45 80 1
45 75 1
45 129 1
45 118 1
45 193 1
45 62 1
45 136 1
45 85 1
45 180 1
45 107 1
45 158 1
45 154 1
45 153 1
45 86 1
45 77 1
45 173 1
45 114 1
45 98 1
45 91 1
45 52 1
45 126 1
45 140 1
45 155 1
45 65 1
45 134 1
45 157 1
45 190 1
45 197 1
45 63 1
45 88 1
45 70 1
45 147 1
45 151 1
45 181 1
45 142 1
45 169 1
45 99 1
45 132 1
45 186 1
45 81 1
45 51 1
45 115 1
45 84 1
45 89 1
45 165 1
46 82 1
46 171 1
46 175 1
46 107 1
46 69 1
46 154 1
46 133 1
46 151 1
46 132 1
46 139 1
46 119 1
46 97 1
46 55 1
46 177 1
46 75 1
46 145 1
46 87 1
46 47 1
46 181 1
46 117 1
46 71 1
46 124 1
46 106 1
46 83 1
46 101 1
46 189 1
46 112 1
46 167 1
46 60 1
46 76 1
46 72 1
46 51 1
46 141 1
46 153 1
46 197 1
46 164 1
46 61 1
46 186 1
46 115 1
46 63 1
46 116 1
46 131 1
46 185 1
46 99 1
46 150 1
46 56 1
46 196 1
46 183 1
46 188 1
46 66 1
46 200 1
46 180 1
46 190 1
46 105 1
46 149 1
46 144 1
46 118 1
46 169 1
46 113 1
46 156 1
46 85 1
46 192 1
46 184 1
47 95 1
47 182 1
47 56 1
47 91 1
47 165 1
47 49 1
47 107 1
47 68 1
47 139 1
47 48 1
47 114 1
47 136 1
47 166 1
47 130 1
47 138 1
47 57 1
47 77 1
47 88 1
47 120 1
47 133 1
47 98 1
47 96 1
47 140 1
47 152 1
47 196 1
47 147 1
47 177 1
47 118 1
47 191 1
47 72 1
47 121 1
47 142 1
47 110 1
47 83 1
47 64 1
47 197 1
47 143 1
47 124 1
47 183 1
47 127 1
47 59 1
47 82 1
47 190 1
47 184 1
47 106 1
47 126 1
47 94 1
47 129 1
47 67 1
47 164 1
47 63 1
47 84 1
47 123 1
47 122 1
47 69 1
47 173 1
47 97 1
47 179 1
47 171 1
47 200 1
47 153 1
47 174 1
47 146 1
47 178 1
47 74 1
48 171 1
48 194 1
48 80 1
48 156 1
48 160 1
48 148 1
48 81 1
48 61 1
48 197 1
48 187 1
48 79 1
48 125 1
48 161 1
48 82 1
48 106 1
48 108 1
48 137 1
48 174 1
48 65 1
48 77 1
48 198 1
48 50 1
48 64 1
48 180 1
48 178 1
48 149 1
48 129 1
48 58 1
48 88 1
48 196 1
48 188 1
48 143 1
48 155 1
48 177 1
48 107 1
48 123 1
48 54 1
48 69 1
48 193 1
48 192 1
48 134 1
48 133 1
48 59 1
48 122 1
48 189 1
48 162 1
48 182 1
48 131 1
48 138 1
48 195 1
48 128 1
48 72 1
48 179 1
48 73 1
48 185 1
48 113 1
48 84 1
48 150 1
48 99 1
48 53 1
48 71 1
48 183 1
48 85 1
48 121 1
48 181 1
49 159 1
49 153 1
49 114 1
49 172 1
49 110 1
49 107 1
49 181 1
49 191 1
49 141 1
49 82 1
49 99 1
49 175 1
49 187 1
49 194 1
49 108 1
49 134 1
49 98 1
49 154 1
49 78 1
49 96 1
49 168 1
49 162 1
49 57 1
49 199 1
49 173 1
49 102 1
49 56 1
49 135 1
49 77 1
49 127 1
49 143 1
49 189 1
49 95 1
49 84 1
49 195 1
49 178 1
49 90 1
49 112 1
49 182 1
49 72 1
49 186 1
49 58 1
49 52 1
49 73 1
49 119 1
49 196 1
49 151 1
49 97 1
49 179 1
49 155 1
49 69 1
49 174 1
49 103 1
49 180 1
49 68 1
49 138 1
49 61 1
49 125 1
49 137 1
49 130 1
49 87 1
49 80 1
50 114 1
50 189 1
50 197 1
50 69 1
50 126 1
50 184 1
50 172 1
50 117 1
50 182 1
50 68 1
50 132 1
50 167 1
50 154 1
50 149 1
50 179 1
50 77 1
50 190 1
50 70 1
50 134 1
50 109 1
50 125 1
50 136 1
50 89 1
50 146 1
50 85 1
50 62 1
50 148 1
50 108 1
50 165 1
50 66 1
50 140 1
50 95 1
50 111 1
50 97 1
50 156 1
50 158 1
50 81 1
50 157 1
50 56 1
50 61 1
50 60 1
50 110 1
50 119 1
50 163 1
50 87 1
50 192 1
50 181 1
50 155 1
50 153 1
50 55 1
50 120 1
50 75 1
50 175 1
50 177 1
50 115 1
50 101 1
50 92 1
50 135 1
50 200 1
50 67 1
50 185 1
50 178 1
50 53 1
50 74 1
50 188 1
50 139 1
51 54 1
51 90 1
51 121 1
51 189 1
51 103 1
51 148 1
51 151 1
51 72 1
51 107 1
51 122 1
51 173 1
51 179 1
51 168 1
51 182 1
51 183 1
51 193 1
51 93 1
51 128 1
51 165 1
51 70 1
51 127 1
51 132 1
51 186 1
51 145 1
51 95 1
51 78 1
51 69 1
51 169 1
51 62 1
51 92 1
51 178 1
51 58 1
51 102 1
51 114 1
51 195 1
51 172 1
51 117 1
51 161 1
51 133 1
51 118 1
51 81 1
51 106 1
51 150 1
51 120 1
51 116 1
51 85 1
51 86 1
51 154 1
51 167 1
51 77 1
51 176 1
51 163 1
51 149 1
51 110 1
52 66 1
52 86 1
52 94 1
52 169 1
52 140 1
52 138 1
52 117 1
52 134 1
52 168 1
52 144 1
52 90 1
52 119 1
52 182 1
52 93 1
52 69 1
52 172 1
52 152 1
52 121 1
52 75 1
52 184 1
52 149 1
52 187 1
52 120 1
52 103 1
52 65 1
52 174 1
52 145 1
52 160 1
52 126 1
52 100 1
52 60 1
52 136 1
52 139 1
52 57 1
52 113 1
52 143 1
52 59 1
52 53 1
52 79 1
52 95 1
52 115 1
52 171 1
52 58 1
52 73 1
52 162 1
52 125 1
52 96 1
52 189 1
52 194 1
52 124 1
52 163 1
52 123 1
52 190 1
52 173 1
52 112 1
52 67 1
52 97 1
52 164 1
52 104 1
53 149 1
53 86 1
53 134 1
53 142 1
53 133 1
53 129 1
53 55 1
53 88 1
53 123 1
53 94 1
53 154 1
53 128 1
53 87 1
53 164 1
53 195 1
53 190 1
53 148 1
53 115 1
53 141 1
53 67 1
53 167 1
53 89 1
53 145 1
53 62 1
53 80 1
53 156 1
53 68 1
53 175 1
53 121 1
53 69 1
53 75 1
53 143 1
53 172 1
53 200 1
53 161 1
53 177 1
53 147 1
53 72 1
53 153 1
53 60 1
53 180 1
53 199 1
53 192 1
53 197 1
53 78 1
53 181 1
53 183 1
53 196 1
53 118 1
53 116 1
53 182 1
53 124 1
53 122 1
53 138 1
53 97 1
53 61 1
53 120 1
53 155 1
53 83 1
53 85 1
53 66 1
54 134 1
54 79 1
54 80 1
54 162 1
54 175 1
54 60 1
54 194 1
54 146 1
54 85 1
54 185 1
54 74 1
54 144 1
54 99 1
54 89 1
54 186 1
54 148 1
54 122 1
54 132 1
54 94 1
54 83 1
54 113 1
54 195 1
54 64 1
54 109 1
54 93 1
54 88 1
54 70 1
54 130 1
54 147 1
54 154 1
54 167 1
54 78 1
54 116 1
54 101 1
54 129 1
54 153 1
54 152 1
54 82 1
54 133 1
54 182 1
54 81 1
54 65 1
54 55 1
54 56 1
54 92 1
54 73 1
54 158 1
54 184 1
54 159 1
54 193 1
54 128 1
54 61 1
54 140 1
54 176 1
54 170 1
54 97 1
54 119 1
54 84 1
54 142 1
54 63 1
54 191 1
54 189 1
54 108 1
54 110 1
54 118 1
54 198 1
54 124 1
54 98 1
55 133 1
55 56 1
55 125 1
55 135 1
55 194 1
55 127 1
55 106 1
55 184 1
55 162 1
55 142 1
55 80 1
55 102 1
55 97 1
55 61 1
55 58 1
55 128 1
55 163 1
55 75 1
55 66 1
55 132 1
55 170 1
55 77 1
55 81 1
55 134 1
55 124 1
55 177 1
55 155 1
55 181 1
55 122 1
55 153 1
55 183 1
55 107 1
55 117 1
55 144 1
55 78 1
55 171 1
55 110 1
55 89 1
55 73 1
55 152 1
55 108 1
55 191 1
55 74 1
55 188 1
55 141 1
55 148 1
55 90 1
55 68 1
56 96 1
56 200 1
56 179 1
56 66 1
56 156 1
56 97 1
56 141 1
56 169 1
56 100 1
56 110 1
56 153 1
56 152 1
56 182 1
56 80 1
56 77 1
56 170 1
56 57 1
56 171 1
56 197 1
56 147 1
56 92 1
56 149 1
56 72 1
56 85 1
56 167 1
56 123 1
56 151 1
56 125 1
56 62 1
56 190 1
56 140 1
56 131 1
56 199 1
56 81 1
56 163 1
56 84 1
56 193 1
56 65 1
56 184 1
56 114 1
56 189 1
56 161 1
56 107 1
56 79 1
56 165 1
56 71 1
56 139 1
56 59 1
56 162 1
56 101 1
56 103 1
56 93 1
56 135 1
57 138 1
57 106 1
57 87 1
57 128 1
57 149 1
57 142 1
57 157 1
57 68 1
57 191 1
57 101 1
57 137 1
57 132 1
57 80 1
57 194 1
57 75 1
57 112 1
57 196 1
57 71 1
57 84 1
57 167 1
57 65 1
57 77 1
57 108 1
57 170 1
57 153 1
57 165 1
57 67 1
57 166 1
57 109 1
57 163 1
57 195 1
57 145 1
57 111 1
57 102 1
57 113 1
57 186 1
57 176 1
57 159 1
57 141 1
57 73 1
57 155 1
57 116 1
57 78 1
57 199 1
57 185 1
57 158 1
57 110 1
57 178 1
57 91 1
57 126 1
57 154 1
57 70 1
57 179 1
57 115 1
57 161 1
57 81 1
57 143 1
57 146 1
57 90 1
57 105 1
58 118 1
58 79 1
58 67 1
58 88 1
58 191 1
58 115 1
58 106 1
58 197 1
58 109 1
58 70 1
58 65 1
58 89 1
58 129 1
58 166 1
58 189 1
58 81 1
58 163 1
58 127 1
58 105 1
58 159 1
58 137 1
58 146 1
58 152 1
58 125 1
58 71 1
58 101 1
58 59 1
58 83 1
58 113 1
58 186 1
58 132 1
58 130 1
58 155 1
58 68 1
58 84 1
58 147 1
58 168 1
58 107 1
58 99 1
58 177 1
58 110 1
58 94 1
58 188 1
58 176 1
58 149 1
58 173 1
58 172 1
58 187 1
58 63 1
58 140 1
58 185 1
58 103 1
58 77 1
58 193 1
58 116 1
58 160 1
58 97 1
58 139 1
59 166 1
59 147 1
59 88 1
59 190 1
59 178 1
59 119 1
59 105 1
59 162 1
59 155 1
59 96 1
59 103 1
59 126 1
59 177 1
59 106 1
59 160 1
59 191 1
59 174 1
59 99 1
59 150 1
59 95 1
59 183 1
59 122 1
59 175 1
59 161 1
59 185 1
59 116 1
59 130 1
59 188 1
59 67 1
59 62 1
59 149 1
59 60 1
59 198 1
59 73 1
59 85 1
59 100 1
59 76 1
59 148 1
59 120 1
59 165 1
59 118 1
59 158 1
59 184 1
59 141 1
59 179 1
59 156 1
59 168 1
59 173 1
59 78 1
59 146 1
59 64 1
59 138 1
59 65 1
59 127 1
59 114 1
59 140 1
59 113 1
59 187 1
59 86 1
59 196 1
59 197 1
60 157 1
60 134 1
60 81 1
60 113 1
60 74 1
60 187 1
60 95 1
60 62 1
60 96 1
60 152 1
60 167 1
60 130 1
60 114 1
60 148 1
60 127 1
60 196 1
60 85 1
60 200 1
60 119 1
60 97 1
60 172 1
60 120 1
60 83 1
60 86 1
60 116 1
60 118 1
60 198 1
60 69 1
60 185 1
60 101 1
60 180 1
60 164 1
60 155 1
60 94 1
60 80 1
60 128 1
60 171 1
60 109 1
60 87 1
60 77 1
60 137 1
60 143 1
60 124 1
60 111 1
60 178 1
60 140 1
60 149 1
60 123 1
60 190 1
60 189 1
60 99 1
60 136 1
61 104 1
61 135 1
61 169 1
61 105 1
61 180 1
61 109 1
61 74 1
61 168 1
61 194 1
61 147 1
61 148 1
61 156 1
61 149 1
61 68 1
61 138 1
61 112 1
61 87 1
61 98 1
61 191 1
61 174 1
61 187 1
61 179 1
61 88 1
61 178 1
61 195 1
61 71 1
61 164 1
61 72 1
61 69 1
61 79 1
61 170 1
61 182 1
61 176 1
61 127 1
61 166 1
61 103 1
61 140 1
61 62 1
61 115 1
61 66 1
61 146 1
61 158 1
61 76 1
61 185 1
61 196 1
61 80 1
61 85 1
61 108 1
61 200 1
61 102 1
61 177 1
61 142 1
61 107 1
61 155 1
61 90 1
61 64 1
61 173 1
61 134 1
61 118 1
61 84 1
61 197 1
61 162 1
61 152 1
61 111 1
61 75 1
61 95 1
61 86 1
62 189 1
62 158 1
62 162 1
62 167 1
62 168 1
62 68 1
62 155 1
62 134 1
62 110 1
62 199 1
62 129 1
62 184 1
62 139 1
62 170 1
62 90 1
62 121 1
62 151 1
62 65 1
62 143 1
62 107 1
62 144 1
62 115 1
62 188 1
62 111 1
62 179 1
62 195 1
62 160 1
62 142 1
62 70 1
62 200 1
62 141 1
62 122 1
62 146 1
62 138 1
62 165 1
62 79 1
62 174 1
62 196 1
62 66 1
62 87 1
62 105 1
62 95 1
62 83 1
62 126 1
62 159 1
62 140 1
62 91 1
62 182 1
62 84 1
62 172 1
62 135 1
62 113 1
62 145 1
62 74 1
62 186 1
62 69 1
62 136 1
62 163 1
62 73 1
62 80 1
62 132 1
62 178 1
62 119 1
62 100 1
62 153 1
62 185 1
63 168 1
63 162 1
63 186 1
63 120 1
63 116 1
63 113 1
63 91 1
63 140 1
63 160 1
63 115 1
63 149 1
63 69 1
63 110 1
63 118 1
63 75 1
63 170 1
63 187 1
63 108 1
63 145 1
63 189 1
63 84 1
63 121 1
63 132 1
63 107 1
63 83 1
63 123 1
63 169 1
63 179 1
63 130 1
63 171 1
63 67 1
63 70 1
63 109 1
63 90 1
63 68 1
63 117 1
63 103 1
63 142 1
63 165 1
63 77 1
63 195 1
63 79 1
63 192 1
63 81 1
63 183 1
63 180 1
63 181 1
63 137 1
63 138 1
63 125 1
63 155 1
63 185 1
63 97 1
63 92 1
63 163 1
63 100 1
63 122 1
63 82 1
63 135 1
63 86 1
63 111 1
64 179 1
64 73 1
64 186 1
64 157 1
64 67 1
64 129 1
64 75 1
64 158 1
64 111 1
64 77 1
64 151 1
64 123 1
64 118 1
64 105 1
64 115 1
64 78 1
64 184 1
64 87 1
64 141 1
64 139 1
64 197 1
64 175 1
64 183 1
64 195 1
64 148 1
64 106 1
64 96 1
64 134 1
64 108 1
64 171 1
64 138 1
64 145 1
64 166 1
64 72 1
64 86 1
64 102 1
64 149 1
64 147 1
64 109 1
64 156 1
64 68 1
64 116 1
64 168 1
64 185 1
64 144 1
64 80 1
64 89 1
64 65 1
64 71 1
64 76 1
64 194 1
64 90 1
64 112 1
64 133 1
64 163 1
64 177 1
64 85 1
64 122 1
64 193 1
64 88 1
65 82 1
65 122 1
65 164 1
65 163 1
65 102 1
65 107 1
65 119 1
65 157 1
65 198 1
65 189 1
65 73 1
65 194 1
65 184 1
65 84 1
65 186 1
65 200 1
65 168 1
65 120 1
65 145 1
65 185 1
65 108 1
65 106 1
65 141 1
65 83 1
65 133 1
65 171 1
65 156 1
65 126 1
65 177 1
65 77 1
65 139 1
65 137 1
65 111 1
65 130 1
65 113 1
65 180 1
65 199 1
65 162 1
65 169 1
65 69 1
65 132 1
65 117 1
65 158 1
65 183 1
65 95 1
65 66 1
65 71 1
65 74 1
65 110 1
65 140 1
65 68 1
65 80 1
65 136 1
65 170 1
65 124 1
65 166 1
65 81 1
65 147 1
65 187 1
65 160 1
65 99 1
65 135 1
65 91 1
65 125 1
65 103 1
65 192 1
65 90 1
65 146 1
65 151 1
65 138 1
66 182 1
66 133 1
66 114 1
66 115 1
66 137 1
66 155 1
66 190 1
66 120 1
66 84 1
66 71 1
66 180 1
66 76 1
66 200 1
66 177 1
66 183 1
66 79 1
66 151 1
66 158 1
66 178 1
66 187 1
66 152 1
66 74 1
66 184 1
66 87 1
66 80 1
66 85 1
66 136 1
66 131 1
66 92 1
66 100 1
66 119 1
66 95 1
66 161 1
66 97 1
66 162 1
66 83 1
66 143 1
66 105 1
66 188 1
66 75 1
66 116 1
66 157 1
66 112 1
66 138 1
66 148 1
66 128 1
66 102 1
66 191 1
66 169 1
66 185 1
66 198 1
66 73 1
66 98 1
67 105 1
67 127 1
67 179 1
67 152 1
67 157 1
67 185 1
67 149 1
67 85 1
67 88 1
67 104 1
67 145 1
67 178 1
67 94 1
67 194 1
67 77 1
67 200 1
67 102 1
67 192 1
67 116 1
67 101 1
67 100 1
67 195 1
67 175 1
67 188 1
67 120 1
67 93 1
67 148 1
67 153 1
67 82 1
67 72 1
67 144 1
67 134 1
67 110 1
67 155 1
67 133 1
67 172 1
67 128 1
67 117 1
67 181 1
67 189 1
67 158 1
67 103 1
67 75 1
67 191 1
67 78 1
67 169 1
67 71 1
67 165 1
67 137 1
67 168 1
67 150 1
67 180 1
67 114 1
67 141 1
67 166 1
67 151 1
67 123 1
67 91 1
68 169 1
68 83 1
68 100 1
68 81 1
68 70 1
68 122 1
68 161 1
68 142 1
68 134 1
68 74 1
68 112 1
68 91 1
68 88 1
68 82 1
68 164 1
68 109 1
68 167 1
68 138 1
68 103 1
68 163 1
68 199 1
68 110 1
68 116 1
68 86 1
68 165 1
68 198 1
68 191 1
68 118 1
68 140 1
68 177 1
68 115 1
68 111 1
68 200 1
68 158 1
68 136 1
68 145 1
68 143 1
68 192 1
68 195 1
68 102 1
68 135 1
68 176 1
68 71 1
68 113 1
68 137 1
68 188 1
68 94 1
68 132 1
68 149 1
68 121 1
68 128 1
68 196 1
69 179 1
69 157 1
69 86 1
69 156 1
69 200 1
69 90 1
69 103 1
69 120 1
69 87 1
69 83 1
69 106 1
69 151 1
69 196 1
69 126 1
69 158 1
69 181 1
69 108 1
69 96 1
69 91 1
69 188 1
69 115 1
69 122 1
69 195 1
69 140 1
69 76 1
69 166 1
69 164 1
69 184 1
69 168 1
69 104 1
69 146 1
69 84 1
69 102 1
69 75 1
69 124 1
69 109 1
69 139 1
69 161 1
69 111 1
69 185 1
69 118 1
69 186 1
69 150 1
69 193 1
69 78 1
69 174 1
69 73 1
69 143 1
69 177 1
70 132 1
70 123 1
70 174 1
70 73 1
70 167 1
70 188 1
70 125 1
70 157 1
70 96 1
70 135 1
70 100 1
70 93 1
70 129 1
70 118 1
70 172 1
70 159 1
70 139 1
70 112 1
70 72 1
70 120 1
70 75 1
70 110 1
70 137 1
70 90 1
70 163 1
70 109 1
70 176 1
70 113 1
70 156 1
70 106 1
70 151 1
70 141 1
70 164 1
70 116 1
70 114 1
70 98 1
70 185 1
70 84 1
70 200 1
70 143 1
70 140 1
71 164 1
71 174 1
71 128 1
71 78 1
71 153 1
71 117 1
71 98 1
71 187 1
71 152 1
71 157 1
71 120 1
71 112 1
71 92 1
71 184 1
71 84 1
71 123 1
71 196 1
71 163 1
71 148 1
71 93 1
71 167 1
71 194 1
71 171 1
71 90 1
71 133 1
71 91 1
71 175 1
71 197 1
71 107 1
71 73 1
71 79 1
71 140 1
71 139 1
71 191 1
71 149 1
71 177 1
71 179 1
71 135 1
71 166 1
71 183 1
71 143 1
71 87 1
71 81 1
71 77 1
71 109 1
71 124 1
71 141 1
71 173 1
71 160 1
71 154 1
71 151 1
71 99 1
71 131 1
71 75 1
71 97 1
71 111 1
71 189 1
72 130 1
72 164 1
72 92 1
72 87 1
72 84 1
72 133 1
72 182 1
72 117 1
72 149 1
72 127 1
72 93 1
72 134 1
72 150 1
72 165 1
72 145 1
72 158 1
72 154 1
72 159 1
72 118 1
72 139 1
72 166 1
72 173 1
72 153 1
72 167 1
72 141 1
72 114 1
72 155 1
72 136 1
72 123 1
72 193 1
72 77 1
72 189 1
72 199 1
72 183 1
72 128 1
72 82 1
72 194 1
72 144 1
72 74 1
72 162 1
72 174 1
72 171 1
72 188 1
72 172 1
72 152 1
72 100 1
72 129 1
72 97 1
72 178 1
72 146 1
72 76 1
72 107 1
72 156 1
72 104 1
72 187 1
73 110 1
73 124 1
73 88 1
73 99 1
73 180 1
73 106 1
73 200 1
73 178 1
73 194 1
73 114 1
73 154 1
73 176 1
73 155 1
73 86 1
73 150 1
73 142 1
73 191 1
73 192 1
73 100 1
73 112 1
73 186 1
73 123 1
73 152 1
73 135 1
73 113 1
73 166 1
73 81 1
73 126 1
73 87 1
73 141 1
73 127 1
73 193 1
73 121 1
73 161 1
73 93 1
73 157 1
73 167 1
73 184 1
73 115 1
73 169 1
73 133 1
73 145 1
73 89 1
73 162 1
73 187 1
73 134 1
73 82 1
73 130 1
73 120 1
73 172 1
74 139 1
74 115 1
74 169 1
74 94 1
74 174 1
74 159 1
74 110 1
74 79 1
74 116 1
74 163 1
74 124 1
74 77 1
74 114 1
74 175 1
74 88 1
74 125 1
74 176 1
74 182 1
74 156 1
74 199 1
74 95 1
74 134 1
74 172 1
74 168 1
74 82 1
74 191 1
74 118 1
74 165 1
74 130 1
74 184 1
74 164 1
74 76 1
74 128 1
74 197 1
74 81 1
74 75 1
74 86 1
74 149 1
74 127 1
74 161 1
74 147 1
74 120 1
74 78 1
74 196 1
74 92 1
74 192 1
74 80 1
74 190 1
75 163 1
75 187 1
75 86 1
75 123 1
75 93 1
75 117 1
75 109 1
75 111 1
75 157 1
75 112 1
75 92 1
75 182 1
75 128 1
75 116 1
75 183 1
75 191 1
75 126 1
75 160 1
75 181 1
75 171 1
75 83 1
75 135 1
75 122 1
75 82 1
75 118 1
75 189 1
75 193 1
75 79 1
75 150 1
75 80 1
75 139 1
75 185 1
75 159 1
75 170 1
75 142 1
75 81 1
75 95 1
75 168 1
75 120 1
75 101 1
75 98 1
75 108 1
75 186 1
75 104 1
75 155 1
75 162 1
75 141 1
75 161 1
75 195 1
75 197 1
75 127 1
75 130 1
75 124 1
75 105 1
76 151 1
76 197 1
76 106 1
76 191 1
76 187 1
76 194 1
76 168 1
76 141 1
76 147 1
76 130 1
76 154 1
76 94 1
76 95 1
76 174 1
76 144 1
76 121 1
76 160 1
76 157 1
76 98 1
76 93 1
76 114 1
76 127 1
76 81 1
76 128 1
76 107 1
76 119 1
76 122 1
76 113 1
76 138 1
76 140 1
76 111 1
76 184 1
76 156 1
76 105 1
76 124 1
77 140 1
77 128 1
77 135 1
77 114 1
77 111 1
77 194 1
77 163 1
77 121 1
77 116 1
77 86 1
77 151 1
77 160 1
77 123 1
77 198 1
77 145 1
77 96 1
77 126 1
77 187 1
77 169 1
77 173 1
77 81 1
77 106 1
77 178 1
77 82 1
77 102 1
77 192 1
77 196 1
77 124 1
77 157 1
77 95 1
77 83 1
77 182 1
77 94 1
77 171 1
77 110 1
77 143 1
77 136 1
77 131 1
77 156 1
77 177 1
77 162 1
77 98 1
77 87 1
77 122 1
77 88 1
77 78 1
77 132 1
77 105 1
77 164 1
77 104 1
77 165 1
77 152 1
77 130 1
77 90 1
77 92 1
77 174 1
77 125 1
77 191 1
77 97 1
78 160 1
78 127 1
78 181 1
78 120 1
78 185 1
78 200 1
78 102 1
78 169 1
78 118 1
78 131 1
78 124 1
78 158 1
78 126 1
78 186 1
78 111 1
78 189 1
78 117 1
78 85 1
78 179 1
78 129 1
78 162 1
78 86 1
78 99 1
78 172 1
78 143 1
78 133 1
78 175 1
78 114 1
78 152 1
78 178 1
78 91 1
78 109 1
78 150 1
78 177 1
78 81 1
78 115 1
78 92 1
78 138 1
78 149 1
78 163 1
78 104 1
78 112 1
78 155 1
78 195 1
78 136 1
78 108 1
78 125 1
79 156 1
79 125 1
79 163 1
79 81 1
79 160 1
79 152 1
79 91 1
79 105 1
79 88 1
79 86 1
79 198 1
79 97 1
79 102 1
79 101 1
79 194 1
79 111 1
79 170 1
79 192 1
79 104 1
79 180 1
79 200 1
79 132 1
79 99 1
79 190 1
79 94 1
79 155 1
79 122 1
79 140 1
79 178 1
79 157 1
79 108 1
79 142 1
79 193 1
79 176 1
79 162 1
79 92 1
79 112 1
79 123 1
79 183 1
79 174 1
79 173 1
79 85 1
79 143 1
79 100 1
79 164 1
79 124 1
79 196 1
79 154 1
79 187 1
79 147 1
79 144 1
79 161 1
79 126 1
79 188 1
79 182 1
79 109 1
80 82 1
80 144 1
80 115 1
80 165 1
80 138 1
80 180 1
80 136 1
80 166 1
80 125 1
80 103 1
80 168 1
80 152 1
80 132 1
80 81 1
80 189 1
80 130 1
80 153 1
80 121 1
80 100 1
80 139 1
80 182 1
80 105 1
80 170 1
80 155 1
80 164 1
80 134 1
80 108 1
80 99 1
80 106 1
80 187 1
80 162 1
80 120 1
80 177 1
80 127 1
80 200 1
80 158 1
80 140 1
80 192 1
80 195 1
80 171 1
80 199 1
80 174 1
80 124 1
80 89 1
80 91 1
80 133 1
80 148 1
80 111 1
81 116 1
81 149 1
81 106 1
81 95 1
81 97 1
81 190 1
81 176 1
81 139 1
81 161 1
81 164 1
81 133 1
81 88 1
81 134 1
81 199 1
81 158 1
81 135 1
81 100 1
81 94 1
81 87 1
81 188 1
81 115 1
81 138 1
81 154 1
81 105 1
81 85 1
81 129 1
81 127 1
81 163 1
81 182 1
81 181 1
81 111 1
81 83 1
81 102 1
81 147 1
81 101 1
81 86 1
81 166 1
81 178 1
81 91 1
81 108 1
81 99 1
81 148 1
81 110 1
81 180 1
81 198 1
81 121 1
81 104 1
82 159 1
82 169 1
82 121 1
82 160 1
82 137 1
82 125 1
82 191 1
82 97 1
82 152 1
82 157 1
82 173 1
82 176 1
82 180 1
82 145 1
82 184 1
82 134 1
82 126 1
82 164 1
82 127 1
82 185 1
82 85 1
82 149 1
82 144 1
82 87 1
82 90 1
82 123 1
82 153 1
82 112 1
82 119 1
82 178 1
82 148 1
82 142 1
82 196 1
82 91 1
82 101 1
82 128 1
82 88 1
82 120 1
82 99 1
82 197 1
82 83 1
82 93 1
82 181 1
82 175 1
82 165 1
82 179 1
82 130 1
82 168 1
82 156 1
82 108 1
82 192 1
82 114 1
82 104 1
82 199 1
82 163 1
83 87 1
83 151 1
83 163 1
83 135 1
83 164 1
83 125 1
83 142 1
83 117 1
83 188 1
83 192 1
83 84 1
83 116 1
83 175 1
83 113 1
83 147 1
83 195 1
83 138 1
83 160 1
83 123 1
83 93 1
83 132 1
83 124 1
83 85 1
83 176 1
83 168 1
83 177 1
83 141 1
83 119 1
83 172 1
83 193 1
83 158 1
83 140 1
83 134 1
83 181 1
83 129 1
83 143 1
83 99 1
83 94 1
83 110 1
83 92 1
83 194 1
83 190 1
83 196 1
83 114 1
83 189 1
83 153 1
83 111 1
83 183 1
83 148 1
83 105 1
84 195 1
84 97 1
84 149 1
84 177 1
84 169 1
84 200 1
84 138 1
84 146 1
84 96 1
84 108 1
84 103 1
84 182 1
84 95 1
84 110 1
84 194 1
84 143 1
84 148 1
84 191 1
84 176 1
84 136 1
84 122 1
84 86 1
84 187 1
84 180 1
84 159 1
84 144 1
84 117 1
84 192 1
84 170 1
84 94 1
84 125 1
84 171 1
84 139 1
84 186 1
84 89 1
84 166 1
84 101 1
84 189 1
84 165 1
84 128 1
84 174 1
85 200 1
85 122 1
85 190 1
85 155 1
85 87 1
85 174 1
85 184 1
85 142 1
85 104 1
85 106 1
85 138 1
85 189 1
85 149 1
85 132 1
85 153 1
85 126 1
85 96 1
85 135 1
85 127 1
85 160 1
85 162 1
85 192 1
85 158 1
85 159 1
85 91 1
85 90 1
85 139 1
85 194 1
85 170 1
85 141 1
85 144 1
85 171 1
85 128 1
85 93 1
85 161 1
85 140 1
85 134 1
85 169 1
85 109 1
85 114 1
85 110 1
85 164 1
85 129 1
85 118 1
85 167 1
85 183 1
85 101 1
85 187 1
85 100 1
85 195 1
85 105 1
86 190 1
86 200 1
86 199 1
86 181 1
86 188 1
86 162 1
86 179 1
86 97 1
86 185 1
86 187 1
86 90 1
86 142 1
86 134 1
86 96 1
86 88 1
86 197 1
86 191 1
86 154 1
86 141 1
86 146 1
86 87 1
86 180 1
86 120 1
86 161 1
86 155 1
86 100 1
86 121 1
86 99 1
86 101 1
86 123 1
86 124 1
86 195 1
86 119 1
86 160 1
86 112 1
86 144 1
86 143 1
86 102 1
86 196 1
86 166 1
86 130 1
86 153 1
86 183 1
86 145 1
86 163 1
86 177 1
86 164 1
86 150 1
86 93 1
86 135 1
86 110 1
86 198 1
86 193 1
87 90 1
87 112 1
87 152 1
87 192 1
87 184 1
87 132 1
87 140 1
87 155 1
87 113 1
87 199 1
87 135 1
87 150 1
87 91 1
87 128 1
87 178 1
87 182 1
87 122 1
87 136 1
87 171 1
87 151 1
87 188 1
87 133 1
87 103 1
87 127 1
87 143 1
87 108 1
87 106 1
87 94 1
87 110 1
87 111 1
87 117 1
87 144 1
87 154 1
87 142 1
87 107 1
87 186 1
87 147 1
87 194 1
87 158 1
87 95 1
87 121 1
87 166 1
87 123 1
87 93 1
87 100 1
88 102 1
88 123 1
88 193 1
88 103 1
88 99 1
88 116 1
88 133 1
88 156 1
88 129 1
88 153 1
88 160 1
88 121 1
88 145 1
88 111 1
88 199 1
88 192 1
88 174 1
88 176 1
88 90 1
88 144 1
88 89 1
88 166 1
88 198 1
88 172 1
88 128 1
88 157 1
88 185 1
88 151 1
88 126 1
88 131 1
88 200 1
88 119 1
88 197 1
88 154 1
88 195 1
88 104 1
88 95 1
88 142 1
88 109 1
88 150 1
88 146 1
88 114 1
88 155 1
88 140 1
88 191 1
89 186 1
89 123 1
89 162 1
89 118 1
89 182 1
89 147 1
89 177 1
89 192 1
89 148 1
89 153 1
89 129 1
89 195 1
89 99 1
89 199 1
89 179 1
89 120 1
89 102 1
89 96 1
89 149 1
89 170 1
89 146 1
89 113 1
89 160 1
89 128 1
89 93 1
89 124 1
89 178 1
89 198 1
89 108 1
89 196 1
89 140 1
89 130 1
89 103 1
89 184 1
89 107 1
89 150 1
89 158 1
89 193 1
89 172 1
89 127 1
89 111 1
89 166 1
89 92 1
90 149 1
90 99 1
90 183 1
90 160 1
90 96 1
90 139 1
90 109 1
90 128 1
90 156 1
90 185 1
90 95 1
90 150 1
90 155 1
90 145 1
90 140 1
90 92 1
90 200 1
90 100 1
90 123 1
90 154 1
90 161 1
90 125 1
90 159 1
90 171 1
90 179 1
90 130 1
90 153 1
90 141 1
90 176 1
90 98 1
90 152 1
90 168 1
90 106 1
90 197 1
90 132 1
90 167 1
90 181 1
90 187 1
90 146 1
90 114 1
90 177 1
90 103 1
90 196 1
90 131 1
90 138 1
90 134 1
91 97 1
91 101 1
91 118 1
91 92 1
91 186 1
91 117 1
91 143 1
91 161 1
91 126 1
91 115 1
91 194 1
91 157 1
91 164 1
91 171 1
91 94 1
91 173 1
91 121 1
91 165 1
91 116 1
91 148 1
91 192 1
91 102 1
91 100 1
91 130 1
91 129 1
91 190 1
91 124 1
91 167 1
91 172 1
91 180 1
91 109 1
91 149 1
91 122 1
91 114 1
91 93 1
91 166 1
91 193 1
91 135 1
91 174 1
91 136 1
91 145 1
91 160 1
91 98 1
91 178 1
91 189 1
91 179 1
92 112 1
92 107 1
92 96 1
92 115 1
92 126 1
92 180 1
92 194 1
92 150 1
92 98 1
92 139 1
92 124 1
92 157 1
92 159 1
92 183 1
92 179 1
92 181 1
92 148 1
92 196 1
92 191 1
92 93 1
92 185 1
92 149 1
92 175 1
92 100 1
92 187 1
92 171 1
92 142 1
92 160 1
92 128 1
92 173 1
92 186 1
92 162 1
92 143 1
92 184 1
92 190 1
92 136 1
92 127 1
92 119 1
92 129 1
92 154 1
92 95 1
93 145 1
93 94 1
93 129 1
93 175 1
93 126 1
93 119 1
93 181 1
93 103 1
93 101 1
93 97 1
93 130 1
93 98 1
93 154 1
93 164 1
93 162 1
93 137 1
93 107 1
93 149 1
93 115 1
93 169 1
93 186 1
93 146 1
93 134 1
93 157 1
93 189 1
93 141 1
93 163 1
93 192 1
93 131 1
93 151 1
93 187 1
93 198 1
93 195 1
93 155 1
93 121 1
93 144 1
93 118 1
93 127 1
93 165 1
94 136 1
94 102 1
94 107 1
94 118 1
94 129 1
94 152 1
94 199 1
94 100 1
94 126 1
94 169 1
94 113 1
94 183 1
94 170 1
94 185 1
94 95 1
94 114 1
94 109 1
94 172 1
94 137 1
94 158 1
94 141 1
94 191 1
94 124 1
94 140 1
94 105 1
94 148 1
94 99 1
94 146 1
94 159 1
94 96 1
94 143 1
94 135 1
94 151 1
94 182 1
94 196 1
94 147 1
94 144 1
94 119 1
94 194 1
94 154 1
95 171 1
95 139 1
95 158 1
95 161 1
95 99 1
95 156 1
95 121 1
95 175 1
95 141 1
95 142 1
95 129 1
95 120 1
95 192 1
95 144 1
95 137 1
95 151 1
95 111 1
95 152 1
95 98 1
95 170 1
95 145 1
95 195 1
95 130 1
95 112 1
95 128 1
95 101 1
95 157 1
95 197 1
95 196 1
95 162 1
95 97 1
95 136 1
95 155 1
95 189 1
95 104 1
95 113 1
95 107 1
95 166 1
95 108 1
95 164 1
95 194 1
95 109 1
95 114 1
95 168 1
95 118 1
96 189 1
96 188 1
96 101 1
96 134 1
96 170 1
96 103 1
96 104 1
96 100 1
96 162 1
96 139 1
96 169 1
96 157 1
96 183 1
96 196 1
96 197 1
96 179 1
96 150 1
96 127 1
96 148 1
96 163 1
96 190 1
96 181 1
96 147 1
96 133 1
96 178 1
96 172 1
96 109 1
96 98 1
96 105 1
96 117 1
96 118 1
96 131 1
96 175 1
96 136 1
96 171 1
96 144 1
96 142 1
96 152 1
96 143 1
96 110 1
96 99 1
96 112 1
96 126 1
96 114 1
96 125 1
96 132 1
96 156 1
97 189 1
97 102 1
97 141 1
97 178 1
97 165 1
97 123 1
97 120 1
97 171 1
97 153 1
97 106 1
97 163 1
97 105 1
97 121 1
97 128 1
97 186 1
97 107 1
97 101 1
97 108 1
97 119 1
97 133 1
97 100 1
97 155 1
97 138 1
97 109 1
97 159 1
97 150 1
97 117 1
97 148 1
97 179 1
97 194 1
97 139 1
97 142 1
97 157 1
97 113 1
97 190 1
97 181 1
97 199 1
97 160 1
97 191 1
98 175 1
98 187 1
98 163 1
98 152 1
98 199 1
98 159 1
98 103 1
98 124 1
98 101 1
98 194 1
98 155 1
98 136 1
98 149 1
98 156 1
98 148 1
98 193 1
98 165 1
98 104 1
98 131 1
98 121 1
98 130 1
98 113 1
98 133 1
98 134 1
98 164 1
98 196 1
98 140 1
98 132 1
98 150 1
98 116 1
98 186 1
98 181 1
98 119 1
98 161 1
98 135 1
98 173 1
98 141 1
99 179 1
99 108 1
99 138 1
99 124 1
99 110 1
99 147 1
99 148 1
99 101 1
99 198 1
99 199 1
99 129 1
99 131 1
99 115 1
99 190 1
99 142 1
99 172 1
99 156 1
99 158 1
99 175 1
99 189 1
99 187 1
99 127 1
99 166 1
99 176 1
99 155 1
99 150 1
99 141 1
99 103 1
99 196 1
99 116 1
99 200 1
99 193 1
99 188 1
100 185 1
100 106 1
100 165 1
100 170 1
100 136 1
100 200 1
100 178 1
100 164 1
100 112 1
100 197 1
100 103 1
100 107 1
100 152 1
100 144 1
100 131 1
100 147 1
100 173 1
100 156 1
100 196 1
100 161 1
100 132 1
100 162 1
100 126 1
100 128 1
100 113 1
100 167 1
100 104 1
100 134 1
100 174 1
100 116 1
101 138 1
101 109 1
101 107 1
101 195 1
101 185 1
101 199 1
101 154 1
101 175 1
101 145 1
101 200 1
101 172 1
101 105 1
101 121 1
101 119 1
101 135 1
101 148 1
101 141 1
101 114 1
101 191 1
101 166 1
101 150 1
101 182 1
101 159 1
101 106 1
101 111 1
101 158 1
101 176 1
101 115 1
101 161 1
101 165 1
101 177 1
101 130 1
101 197 1
101 116 1
101 173 1
101 147 1
101 193 1
101 170 1
101 139 1
102 160 1
102 139 1
102 183 1
102 114 1
102 136 1
102 192 1
102 120 1
102 187 1
102 104 1
102 127 1
102 200 1
102 103 1
102 185 1
102 188 1
102 126 1
102 134 1
102 175 1
102 147 1
102 161 1
102 198 1
102 156 1
102 196 1
102 125 1
102 135 1
102 178 1
102 128 1
102 172 1
102 168 1
102 138 1
102 154 1
102 162 1
102 153 1
102 190 1
102 194 1
102 150 1
102 186 1
103 146 1
103 188 1
103 193 1
103 105 1
103 134 1
103 171 1
103 170 1
103 190 1
103 124 1
103 176 1
103 168 1
103 152 1
103 189 1
103 196 1
103 162 1
103 185 1
103 161 1
103 138 1
103 136 1
103 167 1
103 106 1
103 169 1
103 199 1
103 118 1
103 113 1
103 172 1
103 200 1
103 197 1
103 141 1
103 148 1
103 129 1
103 139 1
103 151 1
103 130 1
103 149 1
103 192 1
103 123 1
103 143 1
103 142 1
103 132 1
103 182 1
103 127 1
103 147 1
104 136 1
104 174 1
104 112 1
104 145 1
104 120 1
104 158 1
104 156 1
104 148 1
104 126 1
104 194 1
104 192 1
104 169 1
104 130 1
104 176 1
104 178 1
104 163 1
104 162 1
104 106 1
104 139 1
104 146 1
104 110 1
104 179 1
104 107 1
104 155 1
104 117 1
104 134 1
104 189 1
104 167 1
104 161 1
104 138 1
104 193 1
104 143 1
105 107 1
105 189 1
105 195 1
105 128 1
105 159 1
105 110 1
105 135 1
105 146 1
105 185 1
105 184 1
105 119 1
105 143 1
105 198 1
105 134 1
105 164 1
105 114 1
105 166 1
105 118 1
105 122 1
105 181 1
105 150 1
105 197 1
105 131 1
105 129 1
105 176 1
105 177 1
105 163 1
105 186 1
105 167 1
105 162 1
105 182 1
105 151 1
105 180 1
105 106 1
105 123 1
105 193 1
105 200 1
105 169 1
105 194 1
105 112 1
106 176 1
106 168 1
106 173 1
106 172 1
106 153 1
106 148 1
106 159 1
106 171 1
106 174 1
106 180 1
106 119 1
106 185 1
106 157 1
106 121 1
106 152 1
106 138 1
106 126 1
106 135 1
106 134 1
106 192 1
106 163 1
106 182 1
106 111 1
106 164 1
106 110 1
106 162 1
106 156 1
106 144 1
106 122 1
106 137 1
106 149 1
106 132 1
106 147 1
106 195 1
106 107 1
106 193 1
106 114 1
106 154 1
106 177 1
106 167 1
106 186 1
106 198 1
106 118 1
106 188 1
107 160 1
107 194 1
107 158 1
107 199 1
107 175 1
107 184 1
107 193 1
107 196 1
107 169 1
107 129 1
107 170 1
107 136 1
107 155 1
107 188 1
107 198 1
107 108 1
107 138 1
107 123 1
107 172 1
107 131 1
107 191 1
107 113 1
107 132 1
107 137 1
107 177 1
107 183 1
107 146 1
107 178 1
107 125 1
107 135 1
107 179 1
107 142 1
107 140 1
107 182 1
107 116 1
107 195 1
107 164 1
107 143 1
107 187 1
107 114 1
108 168 1
108 174 1
108 113 1
108 160 1
108 195 1
108 182 1
108 177 1
108 129 1
108 118 1
108 165 1
108 154 1
108 127 1
108 197 1
108 172 1
108 134 1
108 115 1
108 158 1
108 153 1
108 146 1
108 171 1
108 185 1
108 111 1
108 143 1
108 133 1
108 142 1
108 149 1
108 114 1
108 139 1
108 199 1
108 175 1
108 193 1
108 157 1
109 159 1
109 115 1
109 153 1
109 186 1
109 173 1
109 112 1
109 137 1
109 149 1
109 132 1
109 126 1
109 172 1
109 198 1
109 124 1
109 147 1
109 155 1
109 200 1
109 190 1
109 141 1
109 180 1
109 133 1
109 134 1
109 157 1
109 119 1
109 189 1
109 130 1
109 125 1
109 170 1
109 140 1
109 111 1
109 199 1
109 114 1
109 193 1
109 146 1
109 183 1
109 118 1
109 154 1
109 128 1
109 167 1
109 160 1
109 163 1
109 156 1
109 164 1
109 178 1
110 176 1
110 112 1
110 193 1
110 142 1
110 139 1
110 116 1
110 182 1
110 196 1
110 137 1
110 124 1
110 151 1
110 111 1
110 127 1
110 138 1
110 129 1
110 130 1
110 192 1
110 135 1
110 154 1
110 190 1
110 136 1
110 181 1
110 200 1
110 172 1
110 156 1
110 195 1
110 178 1
110 164 1
110 186 1
110 194 1
110 168 1
110 122 1
110 185 1
110 131 1
110 169 1
110 119 1
111 121 1
111 148 1
111 133 1
111 116 1
111 171 1
111 134 1
111 118 1
111 142 1
111 170 1
111 167 1
111 135 1
111 125 1
111 165 1
111 113 1
111 138 1
111 179 1
111 146 1
111 132 1
111 168 1
111 199 1
111 156 1
111 122 1
111 187 1
111 161 1
111 164 1
111 130 1
111 140 1
111 186 1
111 143 1
112 150 1
112 140 1
112 177 1
112 191 1
112 116 1
112 148 1
112 146 1
112 182 1
112 165 1
112 186 1
112 114 1
112 172 1
112 198 1
112 185 1
112 129 1
112 199 1
112 180 1
112 179 1
112 160 1
112 155 1
112 158 1
112 143 1
112 157 1
112 119 1
112 196 1
112 118 1
112 161 1
112 153 1
112 132 1
112 156 1
113 198 1
113 116 1
113 166 1
113 190 1
113 195 1
113 187 1
113 185 1
113 121 1
113 143 1
113 145 1
113 172 1
113 160 1
113 123 1
113 122 1
113 165 1
113 128 1
113 138 1
113 130 1
113 147 1
113 175 1
113 188 1
113 155 1
113 199 1
113 125 1
113 193 1
113 119 1
113 137 1
113 146 1
113 142 1
113 168 1
113 182 1
113 114 1
113 186 1
113 127 1
113 144 1
113 141 1
113 171 1
114 175 1
114 128 1
114 156 1
114 165 1
114 200 1
114 171 1
114 117 1
114 154 1
114 121 1
114 119 1
114 122 1
114 148 1
114 166 1
114 135 1
114 159 1
114 177 1
114 149 1
114 120 1
114 127 1
114 153 1
114 194 1
114 167 1
114 174 1
114 186 1
114 161 1
114 139 1
114 143 1
114 157 1
114 178 1
114 199 1
114 145 1
114 191 1
115 171 1
115 162 1
115 121 1
115 147 1
115 192 1
115 131 1
115 196 1
115 194 1
115 125 1
115 197 1
115 151 1
115 133 1
115 169 1
115 135 1
115 129 1
115 145 1
115 124 1
115 168 1
115 195 1
115 191 1
115 158 1
115 189 1
115 152 1
115 200 1
115 139 1
115 172 1
115 175 1
115 123 1
115 143 1
115 119 1
115 180 1
116 141 1
116 119 1
116 148 1
116 139 1
116 131 1
116 118 1
116 191 1
116 121 1
116 184 1
116 157 1
116 169 1
116 133 1
116 197 1
116 122 1
116 177 1
116 183 1
116 176 1
116 180 1
116 130 1
116 149 1
116 138 1
116 161 1
116 195 1
116 135 1
116 200 1
116 163 1
116 150 1
116 172 1
116 134 1
116 178 1
116 129 1
116 167 1
116 181 1
116 156 1
116 194 1
116 187 1
116 127 1
116 125 1
116 173 1
117 128 1
117 193 1
117 121 1
117 118 1
117 125 1
117 168 1
117 163 1
117 135 1
117 126 1
117 194 1
117 130 1
117 174 1
117 134 1
117 189 1
117 180 1
117 155 1
117 198 1
117 176 1
117 173 1
117 154 1
117 120 1
117 133 1
117 185 1
117 167 1
117 171 1
117 129 1
117 137 1
117 182 1
117 177 1
117 172 1
117 183 1
117 179 1
117 153 1
117 170 1
117 127 1
118 197 1
118 175 1
118 131 1
118 185 1
118 127 1
118 146 1
118 200 1
118 173 1
118 194 1
118 150 1
118 193 1
118 141 1
118 182 1
118 170 1
118 172 1
118 188 1
118 158 1
118 140 1
118 155 1
118 153 1
118 195 1
118 151 1
118 133 1
118 169 1
118 181 1
118 174 1
118 176 1
118 123 1
118 189 1
118 163 1
118 137 1
118 164 1
118 184 1
118 135 1
118 178 1
119 195 1
119 124 1
119 159 1
119 188 1
119 156 1
119 128 1
119 183 1
119 121 1
119 166 1
119 135 1
119 133 1
119 164 1
119 193 1
119 187 1
119 123 1
119 197 1
119 169 1
119 163 1
119 127 1
119 137 1
119 194 1
119 184 1
119 160 1
119 144 1
119 196 1
119 147 1
119 154 1
119 199 1
119 136 1
119 129 1
119 175 1
119 148 1
119 200 1
120 146 1
120 126 1
120 128 1
120 199 1
120 196 1
120 138 1
120 197 1
120 198 1
120 130 1
120 160 1
120 122 1
120 192 1
120 143 1
120 125 1
120 190 1
120 136 1
120 189 1
120 181 1
120 164 1
120 158 1
120 184 1
120 194 1
120 180 1
120 167 1
121 194 1
121 158 1
121 143 1
121 155 1
121 181 1
121 131 1
121 173 1
121 165 1
121 141 1
121 175 1
121 199 1
121 171 1
121 190 1
121 124 1
121 162 1
121 178 1
121 169 1
121 136 1
121 139 1
121 156 1
121 188 1
121 138 1
121 125 1
121 142 1
121 198 1
121 186 1
121 151 1
121 196 1
121 200 1
121 195 1
122 172 1
122 181 1
122 190 1
122 133 1
122 200 1
122 155 1
122 143 1
122 128 1
122 170 1
122 139 1
122 186 1
122 140 1
122 148 1
122 159 1
122 149 1
122 198 1
122 180 1
122 146 1
122 153 1
122 167 1
122 154 1
122 171 1
122 147 1
122 123 1
122 136 1
122 129 1
122 135 1
123 174 1
123 198 1
123 147 1
123 140 1
123 129 1
123 188 1
123 200 1
123 191 1
123 197 1
123 166 1
123 134 1
123 154 1
123 167 1
123 133 1
123 168 1
123 143 1
123 144 1
123 149 1
123 131 1
123 185 1
123 192 1
123 160 1
123 137 1
123 142 1
123 190 1
123 184 1
123 176 1
123 139 1
123 181 1
123 128 1
123 189 1
123 145 1
123 155 1
124 188 1
124 173 1
124 168 1
124 154 1
124 134 1
124 177 1
124 153 1
124 182 1
124 136 1
124 192 1
124 159 1
124 149 1
124 172 1
124 175 1
124 133 1
124 138 1
124 126 1
124 198 1
124 171 1
124 183 1
124 187 1
124 200 1
124 197 1
124 125 1
124 142 1
124 164 1
124 181 1
124 185 1
124 199 1
124 170 1
124 194 1
125 190 1
125 159 1
125 191 1
125 139 1
125 153 1
125 138 1
125 199 1
125 156 1
125 183 1
125 162 1
125 155 1
125 174 1
125 158 1
125 195 1
125 145 1
125 135 1
125 192 1
125 180 1
125 198 1
125 161 1
125 149 1
125 134 1
125 130 1
125 170 1
126 147 1
126 151 1
126 175 1
126 167 1
126 200 1
126 154 1
126 196 1
126 136 1
126 155 1
126 130 1
126 166 1
126 187 1
126 134 1
126 152 1
126 138 1
126 143 1
126 164 1
126 172 1
126 158 1
126 146 1
126 192 1
126 168 1
126 189 1
126 153 1
126 127 1
126 165 1
126 186 1
126 197 1
127 148 1
127 129 1
127 179 1
127 172 1
127 134 1
127 143 1
127 193 1
127 188 1
127 146 1
127 191 1
127 158 1
127 192 1
127 137 1
127 185 1
127 142 1
127 130 1
127 187 1
127 174 1
127 132 1
127 175 1
127 182 1
127 154 1
127 141 1
127 189 1
127 161 1
127 162 1
127 183 1
127 153 1
127 173 1
127 180 1
127 138 1
127 165 1
127 190 1
127 150 1
128 131 1
128 198 1
128 189 1
128 152 1
128 132 1
128 149 1
128 145 1
128 133 1
128 168 1
128 194 1
128 170 1
128 179 1
128 186 1
128 175 1
128 136 1
128 134 1
128 191 1
128 160 1
128 139 1
128 154 1
128 177 1
128 137 1
128 188 1
128 161 1
128 180 1
128 184 1
128 187 1
128 129 1
128 141 1
128 162 1
129 181 1
129 166 1
129 167 1
129 185 1
129 193 1
129 165 1
129 174 1
129 147 1
129 146 1
129 184 1
129 160 1
129 169 1
129 164 1
129 142 1
129 178 1
129 149 1
129 172 1
129 171 1
129 188 1
129 133 1
129 148 1
129 139 1
129 179 1
129 159 1
129 152 1
129 170 1
130 160 1
130 145 1
130 174 1
130 171 1
130 153 1
130 197 1
130 137 1
130 187 1
130 200 1
130 157 1
130 131 1
130 162 1
130 169 1
130 139 1
130 196 1
130 191 1
130 190 1
130 176 1
130 142 1
130 170 1
130 152 1
130 140 1
130 165 1
130 136 1
130 182 1
131 169 1
131 192 1
131 180 1
131 148 1
131 155 1
131 183 1
131 172 1
131 167 1
131 159 1
131 191 1
131 168 1
131 190 1
131 175 1
131 186 1
131 188 1
131 198 1
131 152 1
131 176 1
131 154 1
131 135 1
131 189 1
131 171 1
131 165 1
131 134 1
132 175 1
132 133 1
132 140 1
132 179 1
132 142 1
132 184 1
132 178 1
132 177 1
132 169 1
132 153 1
132 160 1
132 143 1
132 193 1
132 164 1
132 186 1
132 165 1
132 154 1
132 176 1
132 135 1
132 138 1
132 199 1
132 189 1
132 149 1
132 197 1
132 198 1
132 194 1
132 141 1
132 144 1
132 180 1
133 192 1
133 193 1
133 136 1
133 156 1
133 188 1
133 177 1
133 149 1
133 141 1
133 162 1
133 186 1
133 191 1
133 150 1
133 142 1
133 148 1
133 178 1
133 138 1
133 160 1
133 159 1
133 168 1
133 154 1
133 158 1
133 183 1
133 144 1
134 199 1
134 166 1
134 188 1
134 142 1
134 164 1
134 152 1
134 144 1
134 191 1
134 155 1
134 159 1
134 162 1
134 184 1
134 167 1
134 158 1
134 151 1
134 168 1
134 177 1
134 145 1
135 143 1
135 138 1
135 163 1
135 148 1
135 165 1
135 179 1
135 145 1
135 197 1
135 144 1
135 161 1
135 159 1
135 178 1
135 141 1
135 175 1
135 146 1
135 153 1
135 174 1
135 136 1
135 177 1
135 188 1
135 198 1
135 152 1
135 192 1
135 193 1
135 184 1
136 176 1
136 162 1
136 166 1
136 197 1
136 188 1
136 152 1
136 192 1
136 163 1
136 153 1
136 184 1
136 181 1
136 149 1
136 146 1
136 170 1
136 141 1
136 182 1
137 140 1
137 200 1
137 141 1
137 177 1
137 154 1
137 155 1
137 190 1
137 166 1
137 176 1
137 162 1
137 193 1
137 149 1
137 145 1
137 189 1
137 194 1
137 173 1
137 138 1
137 159 1
137 186 1
137 180 1
137 179 1
137 196 1
137 171 1
137 157 1
137 139 1
138 184 1
138 169 1
138 191 1
138 149 1
138 143 1
138 190 1
138 196 1
138 150 1
138 170 1
138 172 1
138 139 1
138 176 1
138 167 1
138 197 1
138 180 1
138 171 1
138 192 1
138 146 1
138 165 1
138 199 1
138 194 1
138 140 1
138 198 1
138 142 1
138 188 1
138 154 1
139 177 1
139 173 1
139 194 1
139 179 1
139 163 1
139 145 1
139 153 1
139 161 1
139 184 1
139 196 1
139 140 1
139 190 1
139 144 1
139 183 1
139 158 1
139 146 1
139 200 1
139 171 1
139 170 1
139 168 1
139 182 1
140 184 1
140 196 1
140 154 1
140 171 1
140 141 1
140 175 1
140 198 1
140 180 1
140 189 1
140 156 1
140 190 1
140 142 1
140 160 1
140 158 1
140 146 1
140 152 1
140 186 1
140 192 1
140 166 1
140 157 1
140 164 1
140 177 1
140 159 1
141 183 1
141 194 1
141 146 1
141 190 1
141 189 1
141 147 1
141 170 1
141 151 1
141 152 1
141 144 1
141 199 1
141 166 1
141 198 1
141 173 1
141 192 1
141 168 1
141 174 1
141 148 1
141 156 1
141 162 1
141 143 1
141 164 1
141 179 1
142 151 1
142 165 1
142 163 1
142 188 1
142 157 1
142 200 1
142 158 1
142 156 1
142 190 1
142 181 1
142 149 1
142 180 1
142 164 1
142 179 1
142 191 1
142 194 1
142 148 1
142 178 1
142 161 1
142 144 1
142 173 1
142 198 1
142 193 1
142 187 1
143 150 1
143 168 1
143 181 1
143 182 1
143 179 1
143 158 1
143 186 1
143 177 1
143 170 1
143 162 1
143 189 1
143 187 1
143 176 1
143 183 1
143 156 1
143 153 1
143 147 1
143 198 1
143 167 1
143 188 1
143 161 1
143 175 1
144 159 1
144 151 1
144 167 1
144 188 1
144 174 1
144 175 1
144 198 1
144 166 1
144 186 1
144 169 1
144 177 1
144 160 1
144 164 1
144 192 1
144 154 1
144 182 1
145 148 1
145 188 1
145 153 1
145 167 1
145 177 1
145 183 1
145 154 1
145 185 1
145 158 1
145 168 1
145 179 1
145 172 1
145 180 1
145 181 1
145 197 1
145 164 1
145 186 1
145 189 1
145 162 1
145 174 1
145 151 1
145 161 1
145 195 1
145 160 1
145 187 1
145 170 1
146 187 1
146 164 1
146 195 1
146 168 1
146 180 1
146 172 1
146 179 1
146 152 1
146 200 1
146 147 1
146 199 1
146 196 1
146 171 1
146 176 1
146 151 1
146 186 1
146 198 1
146 166 1
146 169 1
146 153 1
146 157 1
147 195 1
147 167 1
147 150 1
147 157 1
147 183 1
147 159 1
147 178 1
147 179 1
147 176 1
147 199 1
147 168 1
147 177 1
147 197 1
147 151 1
147 149 1
147 155 1
147 154 1
147 158 1
148 169 1
148 164 1
148 177 1
148 192 1
148 174 1
148 186 1
148 184 1
148 168 1
148 160 1
148 193 1
148 197 1
148 183 1
148 161 1
148 188 1
148 171 1
148 196 1
148 194 1
148 178 1
148 195 1
149 166 1
149 183 1
149 186 1
149 178 1
149 170 1
149 191 1
149 174 1
149 152 1
149 168 1
149 192 1
149 161 1
149 200 1
149 169 1
149 195 1
149 165 1
149 156 1
149 155 1
149 182 1
149 196 1
149 153 1
149 163 1
150 174 1
150 198 1
150 194 1
150 168 1
150 156 1
150 151 1
150 179 1
150 152 1
150 172 1
150 192 1
150 188 1
150 176 1
150 169 1
150 167 1
150 178 1
150 164 1
150 185 1
150 171 1
150 157 1
150 173 1
150 177 1
150 160 1
150 181 1
151 199 1
151 197 1
151 185 1
151 156 1
151 187 1
151 160 1
151 178 1
151 162 1
151 165 1
151 163 1
151 196 1
151 198 1
151 152 1
151 157 1
151 200 1
151 171 1
151 193 1
151 164 1
151 191 1
151 166 1
151 161 1
151 155 1
152 166 1
152 160 1
152 179 1
152 183 1
152 172 1
152 200 1
152 159 1
152 157 1
152 176 1
152 173 1
152 164 1
152 197 1
152 187 1
152 189 1
152 186 1
152 163 1
152 175 1
152 168 1
153 159 1
153 186 1
153 191 1
153 183 1
153 180 1
153 163 1
153 200 1
153 158 1
153 164 1
153 192 1
153 175 1
153 171 1
153 155 1
153 195 1
153 197 1
153 162 1
153 174 1
153 173 1
153 190 1
153 165 1
153 169 1
153 172 1
153 199 1
154 174 1
154 197 1
154 159 1
154 185 1
154 199 1
154 190 1
154 157 1
154 182 1
154 163 1
154 164 1
154 176 1
154 175 1
154 167 1
154 177 1
154 200 1
155 190 1
155 189 1
155 199 1
155 156 1
155 166 1
155 196 1
155 158 1
155 187 1
155 193 1
155 163 1
155 178 1
155 169 1
155 159 1
155 182 1
155 173 1
155 180 1
155 184 1
155 183 1
155 157 1
155 191 1
155 162 1
155 176 1
155 194 1
156 162 1
156 200 1
156 169 1
156 170 1
156 185 1
156 168 1
156 196 1
156 187 1
156 158 1
156 191 1
156 179 1
156 163 1
156 173 1
156 182 1
156 193 1
156 166 1
156 183 1
156 172 1
156 198 1
156 161 1
157 176 1
157 159 1
157 191 1
157 179 1
157 196 1
157 190 1
157 187 1
157 178 1
157 175 1
157 172 1
157 197 1
157 169 1
157 188 1
157 162 1
158 182 1
158 159 1
158 194 1
158 192 1
158 167 1
158 173 1
158 183 1
158 176 1
158 189 1
158 186 1
158 179 1
158 160 1
158 187 1
158 184 1
158 163 1
158 165 1
158 177 1
158 195 1
159 169 1
159 179 1
159 196 1
159 176 1
159 192 1
159 198 1
159 193 1
159 189 1
159 178 1
159 174 1
160 194 1
160 176 1
160 162 1
160 198 1
160 168 1
160 185 1
160 164 1
160 188 1
160 184 1
160 174 1
160 180 1
160 183 1
160 177 1
160 179 1
161 198 1
161 163 1
161 183 1
161 200 1
161 197 1
161 162 1
161 176 1
161 179 1
161 191 1
161 188 1
161 167 1
161 199 1
161 177 1
161 178 1
162 176 1
162 167 1
162 194 1
162 187 1
162 188 1
162 191 1
162 197 1
162 180 1
162 186 1
162 170 1
162 178 1
162 195 1
162 168 1
162 172 1
162 171 1
162 200 1
162 196 1
162 174 1
162 175 1
163 185 1
163 167 1
163 199 1
163 168 1
163 195 1
163 177 1
163 180 1
163 194 1
163 183 1
163 175 1
163 171 1
163 191 1
163 189 1
163 172 1
163 193 1
163 165 1
163 190 1
164 184 1
164 199 1
164 183 1
164 192 1
164 178 1
164 179 1
164 165 1
164 175 1
164 177 1
164 167 1
164 198 1
164 172 1
164 197 1
164 173 1
164 170 1
164 196 1
165 173 1
165 175 1
165 190 1
165 169 1
165 189 1
165 171 1
165 178 1
165 179 1
165 184 1
165 200 1
165 181 1
165 191 1
165 180 1
166 170 1
166 186 1
166 188 1
166 181 1
166 195 1
166 187 1
166 173 1
166 197 1
166 192 1
166 199 1
166 180 1
167 189 1
167 181 1
167 177 1
167 200 1
167 178 1
167 173 1
167 190 1
167 194 1
167 180 1
167 196 1
167 198 1
167 184 1
167 186 1
167 188 1
167 195 1
167 191 1
168 182 1
168 175 1
168 185 1
168 183 1
168 193 1
168 196 1
168 176 1
168 195 1
168 187 1
168 170 1
169 188 1
169 185 1
169 200 1
169 192 1
169 187 1
169 186 1
169 199 1
169 196 1
169 191 1
169 195 1
169 184 1
169 197 1
169 194 1
169 173 1
169 182 1
169 193 1
169 178 1
170 198 1
170 178 1
170 183 1
170 189 1
170 200 1
170 197 1
170 190 1
170 180 1
170 172 1
170 173 1
170 182 1
170 176 1
171 191 1
171 196 1
171 200 1
171 188 1
171 193 1
171 199 1
171 192 1
171 197 1
171 198 1
171 189 1
171 185 1
171 172 1
171 183 1
171 173 1
171 176 1
171 195 1
172 197 1
172 190 1
172 173 1
172 192 1
172 186 1
172 195 1
172 183 1
172 178 1
172 199 1
172 196 1
173 189 1
173 176 1
173 174 1
173 178 1
173 175 1
173 191 1
173 198 1
173 185 1
173 197 1
173 183 1
173 184 1
173 182 1
173 200 1
174 194 1
174 177 1
174 184 1
174 196 1
174 180 1
174 186 1
174 195 1
174 191 1
174 185 1
174 193 1
174 197 1
175 177 1
175 183 1
175 184 1
175 199 1
175 179 1
175 185 1
175 187 1
175 188 1
175 193 1
175 192 1
175 189 1
176 181 1
176 193 1
176 195 1
176 192 1
176 200 1
176 190 1
176 189 1
176 179 1
177 187 1
177 181 1
177 185 1
177 184 1
177 196 1
177 195 1
177 188 1
177 193 1
177 191 1
177 189 1
177 190 1
178 193 1
178 187 1
178 184 1
178 200 1
178 188 1
178 181 1
178 196 1
179 185 1
179 190 1
179 196 1
179 194 1
179 182 1
180 185 1
180 190 1
180 198 1
180 186 1
180 196 1
180 189 1
180 200 1
181 191 1
181 190 1
181 192 1
181 195 1
181 182 1
181 185 1
181 183 1
182 197 1
182 185 1
182 193 1
182 194 1
183 195 1
183 191 1
183 196 1
183 199 1
183 200 1
183 194 1
183 189 1
184 197 1
184 191 1
185 187 1
185 191 1
185 186 1
185 196 1
185 189 1
185 188 1
186 195 1
186 187 1
186 190 1
186 196 1
186 194 1
186 197 1
187 197 1
187 200 1
187 192 1
187 198 1
187 190 1
187 196 1
187 194 1
188 200 1
188 192 1
188 196 1
188 193 1
188 199 1
189 191 1
189 190 1
189 200 1
189 192 1
190 193 1
190 198 1
190 197 1
190 199 1
190 191 1
190 196 1
190 192 1
191 195 1
191 192 1
191 193 1
191 200 1
191 199 1
192 194 1
193 194 1
193 197 1
193 198 1
194 197 1
194 198 1
195 196 1
195 197 1
195 199 1
196 198 1
196 197 1
197 199 1
197 200 1
198 199 1
199 200 1
