100 495 
1 16 6
1 9 7
1 66 8
1 86 10
1 87 7
1 40 2
1 26 10
1 46 9
2 14 10
2 95 8
2 68 1
2 47 8
2 30 4
2 38 2
2 77 5
2 8 10
2 89 9
3 17 6
3 14 2
3 15 9
3 31 9
3 42 2
3 86 6
4 69 3
4 46 10
4 52 2
4 51 3
4 38 7
4 85 1
4 22 8
5 100 3
5 73 6
5 16 1
5 20 10
5 11 10
5 33 9
5 37 3
6 47 5
6 34 7
6 14 8
6 82 3
6 86 6
6 98 10
6 93 9
6 15 6
6 80 10
7 57 9
7 88 7
7 28 8
7 81 8
7 97 10
8 16 7
8 36 6
8 76 7
8 21 10
8 66 7
8 61 10
8 55 5
8 92 2
8 13 9
8 75 6
8 86 1
8 69 7
8 97 6
8 48 6
9 89 1
9 52 4
9 24 3
10 67 7
10 40 7
10 18 2
10 36 4
10 11 1
10 33 10
10 13 4
10 32 3
10 64 7
10 20 9
10 37 5
10 92 8
10 38 6
11 94 2
11 22 9
11 14 7
11 21 7
11 55 8
11 64 1
11 49 5
11 16 3
11 93 9
12 22 3
12 45 2
12 85 4
12 65 9
12 26 7
12 60 6
12 86 4
13 51 3
13 64 4
13 14 5
13 54 6
13 73 8
13 39 9
13 20 3
13 98 5
13 92 10
13 17 9
13 38 3
13 82 2
13 78 9
13 42 10
13 89 10
13 46 8
14 61 8
14 49 9
14 68 1
14 37 3
14 51 3
14 34 3
14 84 8
14 96 6
14 73 2
14 32 7
15 89 6
15 57 5
15 42 1
15 87 2
15 39 10
15 21 1
15 29 3
16 51 7
16 66 8
16 25 3
16 90 10
16 82 6
16 40 9
16 38 6
16 19 3
16 92 1
16 97 4
16 99 9
16 17 5
17 18 4
17 68 7
17 45 6
17 50 3
17 20 5
17 47 2
17 40 1
17 66 2
17 89 1
17 33 2
18 96 8
18 25 10
18 78 7
18 61 8
18 37 5
18 38 6
19 79 1
19 41 6
19 65 7
19 90 5
19 30 7
19 96 4
19 52 2
20 56 6
20 69 7
20 82 7
20 76 2
20 60 8
20 29 9
21 80 3
21 99 8
21 98 9
21 48 9
21 70 6
21 93 6
21 49 3
21 90 5
21 94 7
21 42 2
21 97 9
21 86 2
21 34 3
21 85 10
22 56 6
22 39 5
22 97 9
22 45 8
23 75 5
23 60 4
23 53 2
23 80 7
23 55 10
23 73 3
23 70 9
23 34 4
24 62 3
24 31 8
24 57 9
24 42 5
24 48 5
25 93 10
25 97 9
25 94 10
25 56 2
25 35 7
25 85 7
25 60 2
26 56 2
26 41 2
26 70 3
27 72 3
27 80 2
27 47 6
27 99 3
27 87 7
28 40 10
28 70 10
28 56 9
28 97 2
28 44 3
28 61 9
28 68 7
28 91 10
28 90 6
29 65 6
29 44 2
29 99 1
29 63 8
29 49 1
29 34 7
29 95 9
29 82 10
30 53 8
30 94 1
30 39 6
30 61 1
30 64 2
30 67 1
30 42 9
30 79 10
31 91 8
31 41 4
31 66 5
31 52 3
31 38 9
31 96 4
32 81 7
32 88 2
32 66 8
32 77 7
33 67 7
33 94 2
33 48 6
33 88 8
33 56 5
33 63 6
33 39 10
34 37 10
34 79 4
34 93 10
34 87 2
34 78 10
34 40 6
34 47 6
34 81 2
34 100 3
34 97 9
34 92 2
34 63 4
35 45 2
35 97 4
35 36 10
35 86 3
35 42 4
35 89 9
35 80 2
35 58 5
36 88 8
36 69 7
36 95 7
36 65 5
37 39 7
37 58 3
37 93 2
37 46 1
37 69 10
38 59 8
38 40 8
38 60 2
38 49 10
38 46 2
39 47 7
39 70 10
39 48 3
39 96 2
39 55 9
39 94 7
39 93 7
39 85 5
39 74 6
39 97 3
40 47 3
40 65 10
40 95 10
40 91 6
40 57 5
40 69 4
40 71 8
40 81 7
41 81 8
41 95 1
41 87 9
41 61 10
41 42 7
41 48 10
41 98 4
42 89 10
42 61 7
42 84 9
42 93 10
42 78 8
42 67 9
43 89 9
43 90 2
43 98 2
43 99 5
43 55 1
43 84 5
43 82 5
43 86 5
44 54 9
44 78 10
44 69 7
45 93 10
45 81 8
45 53 3
45 75 1
45 62 1
45 85 9
46 81 10
46 80 7
46 62 2
46 63 4
46 67 9
46 72 6
46 96 4
47 66 4
47 88 10
47 52 4
47 53 1
48 65 1
48 77 7
48 87 10
49 63 3
49 53 4
49 68 4
49 92 10
49 52 6
50 79 8
50 74 3
50 86 5
50 75 1
50 90 4
50 57 10
51 92 2
51 67 5
51 83 5
51 86 2
51 89 3
51 66 7
51 84 4
51 72 1
52 59 10
52 74 10
52 80 9
52 62 9
52 63 6
52 77 1
52 73 3
53 58 8
53 63 2
54 76 3
55 80 8
55 85 6
55 70 10
56 58 7
57 63 1
58 62 7
58 60 5
59 63 5
59 98 5
59 72 1
59 60 7
60 74 5
60 77 9
60 99 5
61 79 5
61 78 2
61 64 10
61 99 4
62 77 6
62 70 10
62 86 8
62 100 8
62 87 7
62 94 3
62 72 6
62 79 8
63 68 6
63 92 1
63 94 8
64 65 1
64 91 4
64 77 4
65 94 7
65 72 1
65 86 3
65 99 3
65 96 2
65 97 3
65 87 6
65 71 3
65 80 10
66 95 1
66 72 9
66 88 3
66 85 3
67 80 7
67 76 5
68 91 9
68 86 2
68 100 1
69 90 8
69 73 2
70 94 5
70 98 10
70 95 3
70 89 1
70 77 4
70 74 1
70 80 1
70 87 1
71 100 2
71 85 2
72 98 1
72 99 4
72 93 10
72 84 1
73 94 5
73 100 6
73 90 7
74 93 4
75 84 4
75 82 9
75 88 10
75 93 2
75 78 6
76 96 8
76 83 6
77 84 2
77 85 2
78 80 8
78 93 3
78 90 8
78 97 5
79 82 1
79 93 6
80 85 2
80 94 5
80 86 10
81 82 10
82 83 7
83 90 1
83 99 4
83 91 7
83 98 10
83 96 7
83 85 10
84 90 5
85 93 3
86 91 5
86 99 9
86 92 1
87 97 4
88 93 10
88 98 9
88 89 6
89 95 7
90 91 5
90 92 8
91 95 4
93 97 1
99 100 1
