1 6.0 0.5 29.0
2 6.0 0.5 1915.0
3 6.0 0.5 1951.0
4 6.0 0.5 1914.0
5 6.0 0.5 1915.0
6 6.0 0.5 29.0
7 6.0 0.5 1960.0
8 6.0 0.5 1872.0
9 6.0 0.5 1819.0
10 6.0 0.5 18.0
11 6.0 0.5 1864.0
12 6.0 0.5 1821.0
13 6.0 0.5 1879.0
14 6.0 0.5 1849.0
15 6.0 0.5 1904.0
16 6.0 0.5 1823.0
17 6.0 0.5 1617.0
18 6.0 0.5 1800.0
19 6.0 0.5 1902.0
20 6.0 0.5 1883.0
21 6.0 0.5 1895.0
22 6.0 0.5 1844.0
23 6.0 0.5 1888.0
24 6.0 0.5 29.0
25 6.0 0.5 1879.0
26 6.0 0.5 1859.0
27 6.0 0.5 1904.0
28 6.0 0.5 1884.0
29 6.0 0.5 1841.0
30 6.0 0.5 1914.0
31 6.0 0.5 18.0
32 6.0 0.5 1909.0
33 6.0 0.5 1903.0
34 6.0 0.5 1870.0
35 6.0 0.5 1895.0
36 6.0 0.5 1658.0
37 6.0 0.5 1959.0
38 6.0 0.5 1914.0
39 6.0 0.5 1913.0
40 6.0 0.5 1920.0
