200 5970 
1 70 1
1 38 1
1 199 1
1 91 1
1 135 1
1 163 1
1 185 1
1 126 1
1 40 1
1 5 1
1 142 1
1 47 1
1 59 1
1 65 1
1 191 1
1 78 1
1 104 1
1 150 1
1 195 1
1 111 1
1 101 1
1 183 1
1 62 1
1 2 1
1 82 1
1 109 1
1 187 1
1 44 1
1 186 1
1 90 1
1 28 1
1 149 1
1 165 1
1 177 1
1 79 1
1 138 1
1 10 1
1 4 1
1 33 1
1 71 1
1 80 1
1 115 1
1 49 1
1 81 1
1 124 1
1 46 1
1 21 1
1 87 1
1 31 1
1 179 1
1 102 1
1 25 1
1 53 1
1 67 1
1 99 1
1 20 1
1 72 1
1 18 1
1 57 1
1 189 1
1 162 1
1 125 1
1 7 1
1 141 1
2 28 1
2 171 1
2 82 1
2 95 1
2 132 1
2 164 1
2 133 1
2 85 1
2 26 1
2 100 1
2 67 1
2 191 1
2 60 1
2 36 1
2 162 1
2 169 1
2 194 1
2 147 1
2 123 1
2 50 1
2 199 1
2 61 1
2 91 1
2 14 1
2 177 1
2 116 1
2 138 1
2 9 1
2 55 1
2 7 1
2 68 1
2 185 1
2 195 1
2 11 1
2 159 1
2 152 1
2 62 1
2 124 1
2 141 1
2 18 1
2 148 1
2 173 1
2 89 1
2 90 1
2 42 1
2 46 1
2 79 1
2 103 1
2 47 1
2 101 1
2 63 1
2 156 1
2 136 1
2 48 1
2 23 1
2 65 1
2 126 1
2 16 1
2 88 1
3 170 1
3 95 1
3 169 1
3 91 1
3 162 1
3 131 1
3 199 1
3 158 1
3 147 1
3 44 1
3 94 1
3 200 1
3 138 1
3 13 1
3 18 1
3 140 1
3 30 1
3 136 1
3 65 1
3 165 1
3 112 1
3 36 1
3 9 1
3 176 1
3 127 1
3 63 1
3 21 1
3 143 1
3 198 1
3 119 1
3 98 1
3 163 1
3 152 1
3 45 1
3 151 1
3 29 1
3 132 1
3 54 1
3 154 1
3 81 1
3 124 1
3 11 1
3 35 1
3 178 1
3 26 1
3 153 1
3 7 1
3 56 1
3 116 1
3 46 1
3 78 1
3 10 1
3 160 1
3 103 1
3 157 1
3 175 1
3 161 1
3 114 1
3 69 1
3 76 1
3 192 1
3 82 1
3 93 1
3 12 1
3 179 1
3 106 1
3 183 1
3 24 1
3 105 1
3 84 1
3 172 1
3 83 1
4 66 1
4 29 1
4 191 1
4 41 1
4 120 1
4 155 1
4 174 1
4 89 1
4 21 1
4 186 1
4 71 1
4 121 1
4 10 1
4 156 1
4 32 1
4 95 1
4 164 1
4 172 1
4 38 1
4 16 1
4 139 1
4 151 1
4 171 1
4 158 1
4 130 1
4 15 1
4 94 1
4 165 1
4 19 1
4 183 1
4 59 1
4 160 1
4 113 1
4 116 1
4 100 1
4 135 1
4 17 1
4 103 1
4 169 1
4 153 1
4 48 1
4 57 1
4 55 1
4 177 1
4 132 1
4 6 1
4 63 1
4 197 1
4 136 1
4 150 1
4 30 1
4 146 1
4 123 1
4 76 1
4 74 1
4 188 1
4 131 1
4 62 1
4 47 1
4 190 1
4 167 1
4 161 1
5 30 1
5 28 1
5 51 1
5 184 1
5 61 1
5 54 1
5 48 1
5 99 1
5 45 1
5 124 1
5 74 1
5 42 1
5 80 1
5 154 1
5 13 1
5 18 1
5 33 1
5 152 1
5 111 1
5 88 1
5 93 1
5 141 1
5 106 1
5 123 1
5 183 1
5 91 1
5 161 1
5 112 1
5 103 1
5 34 1
5 160 1
5 25 1
5 9 1
5 178 1
5 175 1
5 102 1
5 197 1
5 168 1
5 87 1
5 81 1
5 70 1
5 110 1
5 56 1
5 17 1
5 49 1
5 185 1
5 173 1
5 62 1
5 59 1
5 86 1
5 96 1
5 69 1
5 188 1
5 153 1
5 32 1
5 104 1
5 72 1
5 20 1
5 181 1
5 27 1
6 133 1
6 104 1
6 79 1
6 65 1
6 169 1
6 43 1
6 98 1
6 34 1
6 27 1
6 142 1
6 121 1
6 192 1
6 116 1
6 16 1
6 82 1
6 139 1
6 54 1
6 24 1
6 29 1
6 199 1
6 191 1
6 83 1
6 64 1
6 78 1
6 194 1
6 8 1
6 88 1
6 52 1
6 38 1
6 61 1
6 179 1
6 181 1
6 23 1
6 186 1
6 28 1
6 20 1
6 119 1
6 198 1
6 103 1
6 59 1
6 134 1
6 150 1
6 62 1
6 175 1
6 144 1
6 81 1
6 128 1
6 58 1
6 129 1
6 22 1
6 177 1
6 140 1
6 35 1
6 46 1
6 50 1
6 30 1
6 151 1
7 64 1
7 123 1
7 83 1
7 113 1
7 147 1
7 10 1
7 136 1
7 78 1
7 150 1
7 128 1
7 144 1
7 124 1
7 63 1
7 171 1
7 176 1
7 134 1
7 138 1
7 48 1
7 159 1
7 153 1
7 17 1
7 178 1
7 191 1
7 43 1
7 181 1
7 87 1
7 161 1
7 90 1
7 107 1
7 156 1
7 82 1
7 193 1
7 35 1
7 21 1
7 42 1
7 79 1
7 14 1
7 125 1
7 104 1
7 139 1
7 172 1
7 71 1
7 189 1
7 110 1
7 23 1
7 57 1
7 68 1
7 74 1
7 73 1
7 175 1
7 72 1
8 156 1
8 53 1
8 103 1
8 200 1
8 74 1
8 10 1
8 163 1
8 176 1
8 60 1
8 99 1
8 169 1
8 100 1
8 132 1
8 88 1
8 199 1
8 157 1
8 49 1
8 72 1
8 122 1
8 179 1
8 186 1
8 69 1
8 50 1
8 56 1
8 75 1
8 23 1
8 73 1
8 126 1
8 45 1
8 105 1
8 194 1
8 79 1
8 29 1
8 190 1
8 153 1
8 55 1
8 171 1
8 146 1
8 188 1
8 71 1
8 20 1
8 113 1
8 175 1
8 101 1
8 21 1
8 62 1
8 66 1
8 185 1
8 145 1
8 9 1
8 87 1
8 59 1
8 33 1
8 80 1
8 139 1
8 36 1
8 155 1
8 95 1
8 28 1
8 82 1
8 85 1
8 115 1
8 78 1
8 57 1
8 22 1
8 182 1
9 90 1
9 200 1
9 179 1
9 150 1
9 132 1
9 102 1
9 82 1
9 92 1
9 52 1
9 104 1
9 108 1
9 28 1
9 85 1
9 45 1
9 50 1
9 74 1
9 83 1
9 110 1
9 58 1
9 133 1
9 65 1
9 157 1
9 128 1
9 180 1
9 147 1
9 141 1
9 151 1
9 169 1
9 49 1
9 66 1
9 186 1
9 12 1
9 106 1
9 24 1
9 64 1
9 33 1
9 72 1
9 94 1
9 124 1
9 126 1
9 123 1
9 71 1
9 63 1
9 13 1
9 55 1
9 164 1
9 173 1
9 127 1
9 118 1
9 185 1
9 199 1
10 184 1
10 31 1
10 22 1
10 165 1
10 24 1
10 33 1
10 50 1
10 38 1
10 188 1
10 17 1
10 144 1
10 87 1
10 75 1
10 112 1
10 154 1
10 14 1
10 82 1
10 169 1
10 131 1
10 149 1
10 155 1
10 175 1
10 159 1
10 171 1
10 124 1
10 81 1
10 153 1
10 105 1
10 48 1
10 97 1
10 76 1
10 198 1
10 15 1
10 34 1
10 45 1
10 80 1
10 99 1
10 125 1
10 182 1
10 170 1
10 18 1
10 69 1
10 49 1
10 150 1
10 135 1
10 47 1
10 139 1
10 98 1
10 167 1
10 179 1
10 102 1
10 16 1
10 183 1
10 62 1
10 136 1
10 60 1
10 174 1
10 28 1
10 74 1
10 140 1
10 122 1
10 42 1
10 108 1
10 44 1
10 26 1
11 52 1
11 21 1
11 154 1
11 43 1
11 173 1
11 135 1
11 69 1
11 19 1
11 68 1
11 17 1
11 196 1
11 191 1
11 171 1
11 133 1
11 81 1
11 32 1
11 46 1
11 18 1
11 109 1
11 137 1
11 104 1
11 114 1
11 50 1
11 159 1
11 16 1
11 152 1
11 136 1
11 14 1
11 188 1
11 20 1
11 72 1
11 110 1
11 182 1
11 144 1
11 128 1
11 102 1
11 80 1
11 24 1
11 25 1
11 29 1
11 59 1
11 197 1
11 177 1
11 58 1
11 143 1
11 146 1
11 169 1
11 200 1
11 199 1
11 162 1
11 186 1
11 78 1
11 51 1
11 27 1
11 30 1
11 93 1
11 194 1
11 181 1
11 175 1
11 126 1
11 163 1
11 113 1
11 28 1
12 197 1
12 27 1
12 101 1
12 22 1
12 20 1
12 31 1
12 48 1
12 123 1
12 104 1
12 71 1
12 77 1
12 42 1
12 63 1
12 171 1
12 139 1
12 53 1
12 109 1
12 173 1
12 146 1
12 195 1
12 166 1
12 51 1
12 95 1
12 161 1
12 138 1
12 157 1
12 190 1
12 175 1
12 141 1
12 25 1
12 18 1
12 70 1
12 93 1
12 174 1
12 179 1
12 167 1
12 172 1
12 90 1
12 191 1
12 78 1
12 155 1
12 200 1
12 112 1
12 140 1
12 121 1
12 17 1
12 117 1
12 186 1
12 176 1
12 83 1
12 184 1
13 75 1
13 145 1
13 112 1
13 22 1
13 53 1
13 34 1
13 136 1
13 45 1
13 64 1
13 118 1
13 173 1
13 113 1
13 178 1
13 116 1
13 131 1
13 196 1
13 175 1
13 24 1
13 114 1
13 95 1
13 162 1
13 89 1
13 16 1
13 130 1
13 90 1
13 23 1
13 109 1
13 38 1
13 111 1
13 47 1
13 183 1
13 177 1
13 40 1
13 191 1
13 176 1
13 57 1
13 161 1
13 164 1
13 88 1
13 125 1
13 170 1
13 122 1
13 153 1
13 46 1
13 76 1
13 31 1
13 84 1
13 63 1
13 83 1
13 132 1
13 32 1
13 99 1
14 38 1
14 140 1
14 52 1
14 184 1
14 71 1
14 124 1
14 156 1
14 120 1
14 96 1
14 36 1
14 92 1
14 130 1
14 182 1
14 56 1
14 90 1
14 138 1
14 37 1
14 152 1
14 183 1
14 195 1
14 46 1
14 69 1
14 199 1
14 115 1
14 196 1
14 54 1
14 165 1
14 169 1
14 101 1
14 145 1
14 171 1
14 134 1
14 127 1
14 117 1
14 20 1
14 173 1
14 118 1
14 62 1
14 91 1
14 143 1
14 66 1
14 43 1
14 28 1
14 193 1
14 64 1
14 167 1
14 178 1
14 160 1
14 34 1
14 44 1
14 17 1
14 164 1
14 55 1
14 125 1
14 139 1
14 97 1
14 106 1
15 88 1
15 67 1
15 72 1
15 126 1
15 136 1
15 196 1
15 115 1
15 62 1
15 98 1
15 44 1
15 71 1
15 42 1
15 77 1
15 20 1
15 190 1
15 139 1
15 96 1
15 129 1
15 114 1
15 122 1
15 78 1
15 75 1
15 105 1
15 30 1
15 101 1
15 174 1
15 39 1
15 73 1
15 179 1
15 151 1
15 159 1
15 194 1
15 34 1
15 82 1
15 185 1
15 182 1
15 130 1
15 38 1
15 87 1
15 135 1
15 121 1
15 128 1
15 52 1
15 178 1
15 150 1
15 156 1
15 36 1
15 32 1
15 133 1
15 167 1
15 191 1
15 70 1
15 26 1
15 108 1
15 168 1
16 58 1
16 155 1
16 143 1
16 103 1
16 111 1
16 200 1
16 99 1
16 56 1
16 44 1
16 89 1
16 138 1
16 178 1
16 199 1
16 86 1
16 174 1
16 148 1
16 21 1
16 97 1
16 121 1
16 172 1
16 91 1
16 144 1
16 36 1
16 90 1
16 131 1
16 196 1
16 180 1
16 49 1
16 198 1
16 167 1
16 184 1
16 113 1
16 162 1
16 34 1
16 53 1
16 22 1
16 126 1
16 100 1
16 42 1
16 79 1
16 112 1
16 140 1
16 24 1
16 170 1
16 116 1
16 189 1
16 85 1
16 102 1
16 169 1
16 41 1
16 179 1
16 136 1
16 185 1
16 31 1
16 64 1
16 81 1
16 117 1
16 173 1
16 18 1
17 100 1
17 23 1
17 73 1
17 31 1
17 186 1
17 112 1
17 176 1
17 34 1
17 115 1
17 178 1
17 71 1
17 80 1
17 22 1
17 62 1
17 47 1
17 141 1
17 149 1
17 42 1
17 150 1
17 106 1
17 35 1
17 50 1
17 148 1
17 120 1
17 32 1
17 63 1
17 64 1
17 70 1
17 116 1
17 171 1
17 117 1
17 188 1
17 131 1
17 139 1
17 81 1
17 182 1
17 166 1
17 129 1
17 121 1
17 192 1
17 174 1
17 59 1
17 75 1
17 130 1
17 99 1
17 114 1
17 92 1
17 33 1
17 125 1
17 37 1
17 93 1
17 89 1
17 136 1
17 167 1
17 134 1
17 43 1
18 36 1
18 155 1
18 153 1
18 165 1
18 106 1
18 190 1
18 65 1
18 191 1
18 104 1
18 95 1
18 68 1
18 172 1
18 133 1
18 147 1
18 31 1
18 73 1
18 40 1
18 196 1
18 69 1
18 171 1
18 76 1
18 117 1
18 96 1
18 63 1
18 135 1
18 195 1
18 130 1
18 131 1
18 57 1
18 43 1
18 71 1
18 186 1
18 187 1
18 60 1
18 59 1
18 161 1
18 108 1
18 101 1
18 58 1
18 55 1
18 98 1
18 121 1
18 99 1
18 92 1
18 137 1
18 189 1
18 91 1
18 103 1
18 85 1
18 176 1
18 173 1
18 72 1
18 28 1
18 44 1
18 64 1
18 180 1
18 34 1
18 154 1
18 78 1
18 159 1
19 57 1
19 130 1
19 49 1
19 39 1
19 164 1
19 94 1
19 149 1
19 108 1
19 26 1
19 45 1
19 186 1
19 162 1
19 132 1
19 166 1
19 140 1
19 119 1
19 187 1
19 70 1
19 87 1
19 100 1
19 29 1
19 123 1
19 71 1
19 60 1
19 73 1
19 155 1
19 176 1
19 179 1
19 101 1
19 84 1
19 191 1
19 104 1
19 120 1
19 195 1
19 131 1
19 20 1
19 42 1
19 127 1
19 177 1
19 79 1
19 32 1
19 136 1
19 116 1
19 150 1
19 135 1
19 77 1
19 103 1
19 30 1
19 110 1
19 115 1
19 183 1
19 122 1
19 160 1
19 38 1
19 138 1
20 91 1
20 106 1
20 89 1
20 98 1
20 51 1
20 36 1
20 118 1
20 131 1
20 171 1
20 84 1
20 124 1
20 80 1
20 38 1
20 107 1
20 132 1
20 142 1
20 87 1
20 75 1
20 197 1
20 157 1
20 185 1
20 48 1
20 102 1
20 30 1
20 37 1
20 112 1
20 64 1
20 125 1
20 86 1
20 105 1
20 188 1
20 27 1
20 154 1
20 134 1
20 175 1
20 126 1
20 77 1
20 28 1
20 39 1
20 177 1
20 133 1
20 52 1
20 57 1
20 151 1
20 164 1
20 50 1
20 29 1
20 115 1
20 58 1
20 46 1
20 71 1
20 166 1
20 23 1
20 97 1
20 85 1
20 187 1
20 92 1
20 113 1
20 117 1
20 127 1
21 188 1
21 35 1
21 185 1
21 101 1
21 190 1
21 73 1
21 110 1
21 144 1
21 136 1
21 181 1
21 61 1
21 26 1
21 44 1
21 49 1
21 194 1
21 91 1
21 98 1
21 146 1
21 86 1
21 130 1
21 124 1
21 139 1
21 84 1
21 109 1
21 149 1
21 174 1
21 90 1
21 81 1
21 197 1
21 118 1
21 157 1
21 180 1
21 37 1
21 45 1
21 145 1
21 96 1
21 48 1
21 195 1
21 51 1
21 189 1
21 63 1
21 102 1
21 72 1
21 156 1
21 114 1
21 100 1
21 95 1
21 150 1
21 113 1
22 168 1
22 123 1
22 97 1
22 33 1
22 177 1
22 160 1
22 43 1
22 52 1
22 104 1
22 80 1
22 141 1
22 64 1
22 96 1
22 185 1
22 179 1
22 89 1
22 110 1
22 26 1
22 146 1
22 88 1
22 101 1
22 121 1
22 137 1
22 173 1
22 117 1
22 61 1
22 54 1
22 40 1
22 31 1
22 164 1
22 115 1
22 198 1
22 199 1
22 135 1
22 109 1
22 75 1
22 116 1
22 28 1
22 157 1
22 130 1
22 197 1
22 145 1
22 70 1
22 189 1
22 83 1
22 131 1
22 154 1
22 143 1
22 46 1
23 45 1
23 138 1
23 102 1
23 86 1
23 193 1
23 56 1
23 188 1
23 157 1
23 134 1
23 104 1
23 36 1
23 135 1
23 78 1
23 64 1
23 168 1
23 199 1
23 82 1
23 70 1
23 53 1
23 46 1
23 28 1
23 192 1
23 117 1
23 103 1
23 110 1
23 100 1
23 81 1
23 111 1
23 195 1
23 136 1
23 144 1
23 55 1
23 141 1
23 88 1
23 121 1
23 94 1
23 164 1
23 42 1
23 147 1
23 140 1
23 177 1
23 194 1
23 66 1
23 133 1
23 59 1
23 52 1
23 116 1
23 77 1
23 43 1
23 74 1
23 124 1
23 183 1
23 196 1
23 165 1
23 31 1
23 69 1
23 41 1
23 54 1
24 93 1
24 73 1
24 156 1
24 57 1
24 146 1
24 111 1
24 75 1
24 123 1
24 112 1
24 165 1
24 171 1
24 177 1
24 164 1
24 41 1
24 170 1
24 106 1
24 97 1
24 67 1
24 29 1
24 109 1
24 54 1
24 60 1
24 43 1
24 134 1
24 37 1
24 162 1
24 100 1
24 105 1
24 101 1
24 138 1
24 144 1
24 182 1
24 132 1
24 36 1
24 136 1
24 103 1
24 184 1
24 32 1
24 117 1
24 55 1
24 200 1
24 135 1
24 186 1
24 47 1
24 33 1
24 115 1
24 127 1
24 187 1
24 147 1
24 59 1
24 119 1
24 167 1
24 104 1
25 52 1
25 104 1
25 69 1
25 130 1
25 54 1
25 30 1
25 144 1
25 97 1
25 136 1
25 98 1
25 108 1
25 36 1
25 156 1
25 90 1
25 37 1
25 60 1
25 100 1
25 88 1
25 191 1
25 153 1
25 113 1
25 50 1
25 139 1
25 134 1
25 89 1
25 94 1
25 47 1
25 82 1
25 96 1
25 102 1
25 121 1
25 65 1
25 55 1
25 196 1
25 182 1
25 63 1
25 32 1
25 152 1
25 181 1
25 33 1
25 120 1
25 106 1
25 142 1
25 43 1
25 193 1
25 187 1
25 148 1
25 162 1
25 175 1
25 95 1
25 155 1
26 94 1
26 170 1
26 131 1
26 83 1
26 149 1
26 67 1
26 175 1
26 81 1
26 103 1
26 93 1
26 188 1
26 190 1
26 129 1
26 78 1
26 66 1
26 132 1
26 36 1
26 198 1
26 72 1
26 102 1
26 111 1
26 164 1
26 42 1
26 59 1
26 117 1
26 38 1
26 144 1
26 137 1
26 157 1
26 87 1
26 79 1
26 118 1
26 123 1
26 189 1
26 80 1
26 105 1
26 192 1
26 110 1
26 53 1
26 90 1
26 143 1
26 32 1
26 65 1
26 160 1
26 142 1
26 84 1
26 120 1
26 31 1
26 75 1
26 135 1
26 76 1
26 40 1
26 154 1
26 199 1
26 49 1
26 167 1
26 56 1
26 109 1
27 173 1
27 60 1
27 111 1
27 132 1
27 178 1
27 98 1
27 147 1
27 184 1
27 145 1
27 31 1
27 37 1
27 190 1
27 160 1
27 46 1
27 84 1
27 174 1
27 53 1
27 129 1
27 54 1
27 34 1
27 70 1
27 135 1
27 91 1
27 122 1
27 144 1
27 136 1
27 85 1
27 119 1
27 47 1
27 154 1
27 40 1
27 162 1
27 99 1
27 89 1
27 103 1
27 186 1
27 131 1
27 149 1
27 148 1
27 133 1
27 64 1
27 55 1
27 35 1
27 107 1
27 56 1
27 101 1
27 161 1
27 61 1
27 171 1
27 152 1
27 159 1
27 113 1
27 125 1
27 105 1
27 181 1
27 52 1
27 151 1
27 82 1
27 92 1
28 103 1
28 43 1
28 138 1
28 134 1
28 154 1
28 118 1
28 117 1
28 67 1
28 157 1
28 152 1
28 121 1
28 174 1
28 111 1
28 50 1
28 140 1
28 106 1
28 72 1
28 32 1
28 179 1
28 137 1
28 195 1
28 81 1
28 53 1
28 173 1
28 30 1
28 149 1
28 77 1
28 87 1
28 129 1
28 112 1
28 192 1
28 185 1
28 52 1
28 155 1
28 92 1
28 190 1
28 63 1
28 56 1
28 35 1
28 132 1
28 38 1
28 167 1
28 36 1
28 145 1
28 34 1
28 153 1
28 74 1
28 29 1
28 100 1
28 197 1
28 95 1
28 186 1
28 162 1
28 180 1
29 96 1
29 102 1
29 140 1
29 78 1
29 72 1
29 38 1
29 92 1
29 123 1
29 67 1
29 139 1
29 54 1
29 153 1
29 174 1
29 196 1
29 124 1
29 170 1
29 195 1
29 200 1
29 116 1
29 194 1
29 80 1
29 49 1
29 68 1
29 103 1
29 125 1
29 182 1
29 191 1
29 31 1
29 168 1
29 163 1
29 40 1
29 45 1
29 119 1
29 128 1
29 189 1
29 114 1
29 94 1
29 172 1
29 142 1
29 51 1
29 106 1
29 108 1
29 109 1
29 41 1
29 30 1
29 34 1
29 134 1
29 179 1
29 188 1
29 161 1
29 141 1
30 122 1
30 71 1
30 87 1
30 131 1
30 124 1
30 191 1
30 59 1
30 70 1
30 167 1
30 60 1
30 128 1
30 51 1
30 95 1
30 93 1
30 47 1
30 98 1
30 112 1
30 110 1
30 176 1
30 89 1
30 108 1
30 102 1
30 74 1
30 55 1
30 192 1
30 101 1
30 171 1
30 33 1
30 188 1
30 125 1
30 179 1
30 181 1
30 159 1
30 161 1
30 151 1
30 166 1
30 42 1
30 41 1
30 160 1
30 32 1
30 72 1
30 177 1
30 57 1
30 141 1
30 199 1
30 113 1
30 68 1
30 164 1
30 81 1
30 99 1
30 49 1
30 169 1
30 80 1
30 120 1
30 53 1
30 106 1
30 44 1
30 172 1
30 86 1
30 62 1
31 59 1
31 45 1
31 88 1
31 109 1
31 87 1
31 179 1
31 81 1
31 36 1
31 149 1
31 100 1
31 177 1
31 43 1
31 78 1
31 191 1
31 163 1
31 132 1
31 167 1
31 131 1
31 141 1
31 140 1
31 37 1
31 117 1
31 82 1
31 178 1
31 48 1
31 162 1
31 146 1
31 64 1
31 58 1
31 32 1
31 143 1
31 120 1
31 180 1
31 185 1
31 152 1
31 155 1
31 84 1
31 171 1
31 98 1
31 101 1
31 106 1
31 122 1
31 174 1
31 52 1
31 110 1
31 138 1
31 186 1
31 56 1
31 166 1
31 199 1
31 85 1
31 164 1
31 175 1
31 113 1
31 183 1
32 76 1
32 98 1
32 46 1
32 161 1
32 149 1
32 109 1
32 101 1
32 145 1
32 185 1
32 72 1
32 193 1
32 117 1
32 44 1
32 70 1
32 113 1
32 116 1
32 78 1
32 73 1
32 71 1
32 86 1
32 118 1
32 194 1
32 84 1
32 123 1
32 40 1
32 122 1
32 173 1
32 69 1
32 163 1
32 58 1
32 192 1
32 108 1
32 158 1
32 91 1
32 77 1
32 64 1
32 34 1
32 197 1
32 199 1
32 140 1
32 184 1
32 110 1
32 134 1
32 162 1
32 95 1
32 183 1
32 181 1
32 195 1
32 200 1
32 41 1
32 153 1
33 151 1
33 163 1
33 133 1
33 87 1
33 162 1
33 199 1
33 198 1
33 88 1
33 137 1
33 58 1
33 62 1
33 171 1
33 43 1
33 128 1
33 41 1
33 120 1
33 84 1
33 123 1
33 104 1
33 160 1
33 168 1
33 71 1
33 55 1
33 177 1
33 181 1
33 40 1
33 124 1
33 134 1
33 122 1
33 38 1
33 176 1
33 183 1
33 54 1
33 138 1
33 93 1
33 192 1
33 85 1
33 103 1
33 139 1
33 98 1
33 135 1
33 113 1
33 136 1
33 108 1
33 116 1
33 189 1
33 50 1
33 147 1
33 150 1
33 92 1
33 184 1
33 65 1
33 190 1
33 142 1
33 158 1
33 127 1
34 191 1
34 105 1
34 188 1
34 134 1
34 110 1
34 117 1
34 58 1
34 199 1
34 157 1
34 114 1
34 42 1
34 94 1
34 45 1
34 175 1
34 119 1
34 172 1
34 67 1
34 52 1
34 74 1
34 140 1
34 71 1
34 95 1
34 196 1
34 139 1
34 76 1
34 68 1
34 141 1
34 195 1
34 165 1
34 168 1
34 161 1
34 93 1
34 124 1
34 158 1
34 108 1
34 180 1
34 150 1
34 147 1
34 97 1
34 198 1
34 99 1
34 126 1
34 86 1
35 165 1
35 84 1
35 90 1
35 92 1
35 185 1
35 146 1
35 192 1
35 88 1
35 153 1
35 186 1
35 162 1
35 169 1
35 160 1
35 43 1
35 106 1
35 174 1
35 172 1
35 69 1
35 78 1
35 175 1
35 135 1
35 167 1
35 178 1
35 118 1
35 119 1
35 95 1
35 142 1
35 120 1
35 164 1
35 55 1
35 68 1
35 45 1
35 177 1
35 65 1
35 137 1
35 102 1
35 199 1
35 128 1
35 138 1
35 144 1
35 85 1
35 114 1
35 152 1
35 141 1
36 185 1
36 128 1
36 158 1
36 85 1
36 84 1
36 89 1
36 55 1
36 107 1
36 100 1
36 66 1
36 152 1
36 139 1
36 52 1
36 167 1
36 71 1
36 163 1
36 56 1
36 46 1
36 73 1
36 159 1
36 90 1
36 70 1
36 41 1
36 117 1
36 165 1
36 160 1
36 38 1
36 178 1
36 68 1
36 39 1
36 166 1
36 180 1
36 116 1
36 156 1
36 162 1
36 61 1
36 97 1
36 143 1
36 182 1
36 86 1
36 49 1
36 47 1
36 176 1
37 87 1
37 120 1
37 129 1
37 112 1
37 146 1
37 147 1
37 163 1
37 93 1
37 52 1
37 61 1
37 157 1
37 47 1
37 143 1
37 124 1
37 64 1
37 192 1
37 131 1
37 75 1
37 200 1
37 88 1
37 158 1
37 135 1
37 128 1
37 98 1
37 74 1
37 165 1
37 41 1
37 130 1
37 48 1
37 91 1
37 134 1
37 183 1
37 170 1
37 94 1
37 77 1
37 175 1
37 138 1
37 155 1
37 142 1
37 137 1
37 176 1
37 96 1
37 184 1
38 195 1
38 188 1
38 162 1
38 137 1
38 77 1
38 163 1
38 55 1
38 144 1
38 87 1
38 70 1
38 199 1
38 153 1
38 168 1
38 52 1
38 66 1
38 65 1
38 89 1
38 71 1
38 167 1
38 180 1
38 138 1
38 84 1
38 48 1
38 125 1
38 149 1
38 107 1
38 86 1
38 83 1
38 96 1
38 54 1
38 196 1
38 75 1
38 51 1
38 192 1
38 159 1
38 94 1
38 150 1
38 64 1
38 154 1
38 191 1
38 170 1
38 131 1
38 123 1
38 183 1
38 79 1
39 105 1
39 41 1
39 140 1
39 65 1
39 45 1
39 194 1
39 153 1
39 116 1
39 141 1
39 110 1
39 193 1
39 144 1
39 196 1
39 130 1
39 157 1
39 152 1
39 93 1
39 131 1
39 70 1
39 169 1
39 185 1
39 165 1
39 52 1
39 179 1
39 167 1
39 175 1
39 135 1
39 158 1
39 142 1
39 148 1
39 58 1
39 186 1
39 122 1
39 54 1
39 75 1
39 88 1
39 57 1
39 125 1
39 50 1
39 199 1
39 78 1
39 92 1
39 69 1
39 60 1
39 136 1
39 183 1
39 96 1
39 149 1
39 162 1
39 119 1
40 97 1
40 124 1
40 83 1
40 77 1
40 106 1
40 183 1
40 169 1
40 42 1
40 136 1
40 177 1
40 117 1
40 74 1
40 108 1
40 132 1
40 113 1
40 81 1
40 68 1
40 78 1
40 54 1
40 91 1
40 125 1
40 144 1
40 155 1
40 62 1
40 116 1
40 61 1
40 102 1
40 105 1
40 93 1
40 114 1
40 129 1
40 166 1
40 90 1
40 154 1
40 134 1
40 98 1
40 63 1
40 64 1
40 66 1
40 174 1
40 138 1
40 104 1
40 111 1
40 197 1
40 200 1
41 47 1
41 76 1
41 161 1
41 67 1
41 112 1
41 196 1
41 88 1
41 90 1
41 107 1
41 120 1
41 44 1
41 170 1
41 138 1
41 73 1
41 117 1
41 145 1
41 116 1
41 127 1
41 98 1
41 190 1
41 129 1
41 197 1
41 188 1
41 91 1
41 150 1
41 69 1
41 102 1
41 105 1
41 187 1
41 165 1
41 43 1
41 142 1
41 46 1
41 52 1
41 200 1
41 86 1
41 89 1
41 124 1
41 111 1
41 51 1
41 156 1
41 92 1
41 172 1
41 48 1
41 149 1
41 164 1
41 143 1
41 84 1
41 70 1
41 192 1
41 128 1
41 141 1
42 156 1
42 109 1
42 63 1
42 136 1
42 149 1
42 116 1
42 68 1
42 111 1
42 152 1
42 73 1
42 71 1
42 163 1
42 102 1
42 47 1
42 50 1
42 200 1
42 140 1
42 166 1
42 60 1
42 119 1
42 117 1
42 124 1
42 70 1
42 181 1
42 135 1
42 189 1
42 51 1
42 55 1
42 48 1
42 188 1
42 176 1
42 185 1
42 154 1
42 94 1
42 187 1
42 84 1
42 191 1
42 57 1
42 128 1
42 65 1
42 91 1
42 146 1
42 162 1
42 151 1
42 59 1
42 122 1
42 118 1
42 139 1
42 125 1
42 178 1
42 147 1
43 81 1
43 89 1
43 80 1
43 50 1
43 193 1
43 101 1
43 65 1
43 186 1
43 67 1
43 132 1
43 173 1
43 55 1
43 64 1
43 137 1
43 53 1
43 130 1
43 192 1
43 106 1
43 154 1
43 157 1
43 98 1
43 47 1
43 138 1
43 96 1
43 166 1
43 183 1
43 48 1
43 174 1
43 44 1
43 127 1
43 86 1
43 54 1
43 83 1
43 158 1
43 176 1
43 164 1
43 180 1
43 135 1
43 179 1
43 93 1
43 85 1
43 165 1
43 170 1
43 49 1
43 71 1
43 110 1
43 95 1
43 114 1
43 108 1
44 52 1
44 154 1
44 47 1
44 166 1
44 75 1
44 187 1
44 108 1
44 100 1
44 55 1
44 199 1
44 68 1
44 72 1
44 189 1
44 80 1
44 195 1
44 71 1
44 174 1
44 102 1
44 60 1
44 67 1
44 136 1
44 81 1
44 48 1
44 175 1
44 185 1
44 131 1
44 188 1
44 119 1
44 149 1
44 147 1
44 153 1
44 69 1
44 192 1
44 134 1
44 129 1
44 132 1
44 115 1
44 160 1
44 158 1
44 168 1
44 73 1
44 113 1
44 197 1
45 179 1
45 66 1
45 133 1
45 186 1
45 65 1
45 73 1
45 178 1
45 92 1
45 74 1
45 105 1
45 109 1
45 90 1
45 46 1
45 123 1
45 78 1
45 75 1
45 166 1
45 59 1
45 180 1
45 197 1
45 145 1
45 188 1
45 113 1
45 110 1
45 198 1
45 118 1
45 115 1
45 83 1
45 55 1
45 62 1
45 114 1
45 88 1
45 69 1
45 101 1
45 64 1
45 194 1
45 190 1
45 160 1
45 87 1
46 136 1
46 122 1
46 85 1
46 175 1
46 51 1
46 138 1
46 134 1
46 197 1
46 164 1
46 165 1
46 55 1
46 93 1
46 133 1
46 118 1
46 76 1
46 90 1
46 80 1
46 148 1
46 135 1
46 84 1
46 71 1
46 147 1
46 47 1
46 177 1
46 178 1
46 199 1
46 75 1
46 61 1
46 113 1
46 124 1
46 146 1
46 88 1
46 169 1
46 125 1
46 66 1
46 49 1
46 192 1
46 151 1
46 62 1
46 141 1
46 140 1
46 109 1
46 173 1
46 82 1
46 131 1
46 78 1
46 105 1
46 54 1
46 171 1
46 107 1
46 119 1
47 90 1
47 119 1
47 124 1
47 155 1
47 89 1
47 145 1
47 147 1
47 87 1
47 198 1
47 96 1
47 49 1
47 61 1
47 70 1
47 50 1
47 93 1
47 194 1
47 141 1
47 182 1
47 125 1
47 143 1
47 67 1
47 175 1
47 177 1
47 186 1
47 168 1
47 109 1
47 111 1
47 153 1
47 183 1
47 72 1
47 51 1
47 54 1
47 83 1
47 60 1
47 113 1
47 176 1
47 95 1
47 86 1
47 77 1
47 159 1
47 165 1
47 167 1
47 139 1
47 162 1
47 103 1
47 88 1
47 98 1
47 138 1
48 89 1
48 57 1
48 115 1
48 129 1
48 100 1
48 120 1
48 145 1
48 133 1
48 146 1
48 179 1
48 169 1
48 157 1
48 105 1
48 111 1
48 158 1
48 134 1
48 183 1
48 81 1
48 185 1
48 83 1
48 54 1
48 124 1
48 135 1
48 51 1
48 77 1
48 140 1
48 114 1
48 167 1
48 181 1
48 163 1
48 74 1
48 96 1
48 110 1
48 192 1
48 184 1
48 87 1
48 125 1
48 139 1
48 148 1
48 136 1
49 173 1
49 114 1
49 93 1
49 102 1
49 85 1
49 57 1
49 190 1
49 196 1
49 115 1
49 123 1
49 193 1
49 90 1
49 96 1
49 192 1
49 163 1
49 130 1
49 183 1
49 73 1
49 109 1
49 131 1
49 128 1
49 117 1
49 143 1
49 71 1
49 170 1
49 141 1
49 112 1
49 106 1
49 94 1
49 75 1
49 189 1
49 174 1
49 199 1
49 180 1
49 195 1
49 50 1
49 191 1
49 98 1
49 67 1
49 166 1
49 129 1
49 168 1
50 130 1
50 170 1
50 56 1
50 192 1
50 107 1
50 164 1
50 103 1
50 161 1
50 167 1
50 84 1
50 152 1
50 200 1
50 109 1
50 153 1
50 87 1
50 74 1
50 85 1
50 65 1
50 158 1
50 125 1
50 77 1
50 69 1
50 154 1
50 121 1
50 151 1
50 55 1
50 148 1
50 94 1
50 123 1
50 140 1
50 150 1
50 132 1
50 70 1
50 97 1
50 95 1
50 177 1
50 198 1
50 54 1
50 199 1
50 86 1
50 60 1
50 89 1
50 155 1
50 185 1
50 169 1
50 124 1
50 172 1
51 66 1
51 57 1
51 76 1
51 173 1
51 156 1
51 127 1
51 116 1
51 196 1
51 61 1
51 138 1
51 126 1
51 186 1
51 191 1
51 84 1
51 60 1
51 95 1
51 153 1
51 128 1
51 163 1
51 59 1
51 68 1
51 106 1
51 133 1
51 108 1
51 167 1
51 145 1
51 53 1
51 165 1
51 52 1
51 171 1
51 174 1
51 90 1
51 70 1
51 63 1
51 177 1
51 125 1
51 130 1
51 178 1
51 109 1
51 102 1
51 123 1
51 149 1
51 119 1
51 150 1
51 135 1
51 157 1
51 81 1
51 129 1
51 155 1
52 156 1
52 137 1
52 112 1
52 107 1
52 122 1
52 150 1
52 153 1
52 105 1
52 94 1
52 172 1
52 136 1
52 108 1
52 135 1
52 118 1
52 75 1
52 140 1
52 176 1
52 139 1
52 62 1
52 121 1
52 193 1
52 128 1
52 148 1
52 145 1
52 79 1
52 159 1
52 185 1
52 60 1
52 158 1
52 72 1
52 67 1
52 149 1
52 109 1
52 56 1
52 64 1
52 101 1
52 54 1
52 177 1
52 162 1
52 89 1
52 88 1
52 160 1
52 93 1
52 119 1
52 85 1
52 173 1
52 167 1
53 155 1
53 144 1
53 102 1
53 164 1
53 60 1
53 129 1
53 87 1
53 173 1
53 145 1
53 61 1
53 79 1
53 64 1
53 105 1
53 194 1
53 171 1
53 132 1
53 76 1
53 168 1
53 59 1
53 67 1
53 197 1
53 134 1
53 88 1
53 158 1
53 165 1
53 65 1
53 54 1
53 122 1
53 66 1
53 56 1
53 176 1
53 169 1
53 138 1
53 124 1
53 120 1
53 113 1
53 149 1
53 160 1
53 151 1
53 130 1
53 70 1
53 198 1
54 73 1
54 160 1
54 135 1
54 184 1
54 143 1
54 174 1
54 61 1
54 140 1
54 127 1
54 107 1
54 105 1
54 132 1
54 196 1
54 137 1
54 118 1
54 189 1
54 88 1
54 74 1
54 139 1
54 85 1
54 89 1
54 59 1
54 62 1
54 78 1
54 198 1
54 156 1
54 134 1
54 113 1
54 197 1
54 166 1
54 76 1
54 151 1
54 178 1
54 84 1
54 80 1
54 179 1
54 83 1
54 109 1
54 114 1
54 121 1
54 180 1
54 75 1
55 112 1
55 145 1
55 66 1
55 62 1
55 68 1
55 96 1
55 114 1
55 178 1
55 126 1
55 162 1
55 69 1
55 111 1
55 58 1
55 110 1
55 181 1
55 82 1
55 174 1
55 94 1
55 196 1
55 73 1
55 132 1
55 153 1
55 161 1
55 151 1
55 119 1
55 142 1
55 59 1
55 189 1
55 106 1
55 103 1
55 65 1
55 187 1
55 197 1
55 180 1
55 138 1
55 158 1
55 193 1
55 135 1
55 198 1
55 86 1
55 147 1
56 125 1
56 164 1
56 110 1
56 74 1
56 119 1
56 145 1
56 157 1
56 183 1
56 73 1
56 65 1
56 166 1
56 140 1
56 190 1
56 194 1
56 150 1
56 178 1
56 62 1
56 171 1
56 135 1
56 103 1
56 58 1
56 155 1
56 138 1
56 92 1
56 139 1
56 198 1
56 72 1
56 193 1
56 154 1
56 75 1
56 63 1
56 97 1
56 124 1
56 156 1
56 188 1
56 61 1
56 95 1
56 82 1
56 199 1
56 112 1
56 70 1
57 65 1
57 175 1
57 68 1
57 71 1
57 122 1
57 114 1
57 145 1
57 102 1
57 179 1
57 148 1
57 63 1
57 78 1
57 188 1
57 189 1
57 155 1
57 139 1
57 161 1
57 153 1
57 67 1
57 119 1
57 193 1
57 147 1
57 152 1
57 107 1
57 111 1
57 135 1
57 76 1
57 187 1
57 88 1
57 127 1
57 141 1
57 92 1
57 195 1
57 60 1
57 117 1
57 79 1
57 200 1
57 137 1
57 136 1
57 90 1
57 58 1
57 101 1
57 186 1
58 140 1
58 104 1
58 182 1
58 70 1
58 200 1
58 114 1
58 80 1
58 115 1
58 82 1
58 78 1
58 91 1
58 127 1
58 143 1
58 189 1
58 118 1
58 191 1
58 71 1
58 129 1
58 86 1
58 149 1
58 166 1
58 139 1
58 59 1
58 63 1
58 133 1
58 151 1
58 144 1
58 125 1
58 178 1
58 172 1
58 119 1
58 197 1
58 108 1
58 190 1
58 164 1
58 192 1
58 171 1
58 60 1
58 175 1
58 77 1
58 155 1
58 95 1
58 93 1
58 112 1
59 82 1
59 134 1
59 166 1
59 119 1
59 87 1
59 152 1
59 65 1
59 141 1
59 176 1
59 160 1
59 181 1
59 90 1
59 73 1
59 169 1
59 116 1
59 133 1
59 67 1
59 163 1
59 100 1
59 149 1
59 104 1
59 161 1
59 95 1
59 196 1
59 114 1
59 192 1
59 112 1
59 120 1
59 190 1
59 121 1
59 139 1
59 154 1
59 167 1
59 159 1
59 145 1
59 200 1
59 186 1
59 66 1
59 103 1
59 94 1
60 117 1
60 63 1
60 124 1
60 190 1
60 146 1
60 194 1
60 163 1
60 136 1
60 70 1
60 171 1
60 147 1
60 64 1
60 118 1
60 121 1
60 83 1
60 178 1
60 133 1
60 181 1
60 176 1
60 96 1
60 76 1
60 129 1
60 180 1
60 72 1
60 174 1
60 113 1
60 122 1
60 143 1
60 166 1
60 79 1
60 135 1
60 108 1
60 158 1
60 132 1
60 84 1
60 155 1
60 93 1
60 99 1
60 182 1
60 152 1
60 111 1
60 169 1
60 197 1
60 116 1
60 91 1
60 109 1
60 112 1
60 97 1
61 149 1
61 124 1
61 95 1
61 113 1
61 182 1
61 152 1
61 162 1
61 108 1
61 132 1
61 86 1
61 140 1
61 200 1
61 164 1
61 98 1
61 138 1
61 184 1
61 99 1
61 100 1
61 151 1
61 147 1
61 178 1
61 137 1
61 171 1
61 160 1
61 125 1
61 173 1
61 166 1
61 74 1
61 175 1
61 81 1
61 67 1
61 186 1
61 156 1
61 65 1
61 131 1
61 66 1
61 114 1
61 189 1
61 89 1
61 187 1
61 194 1
61 142 1
61 165 1
61 193 1
61 107 1
61 134 1
61 169 1
61 180 1
61 143 1
61 93 1
61 157 1
61 69 1
61 141 1
61 109 1
61 144 1
61 62 1
61 197 1
61 148 1
62 178 1
62 190 1
62 122 1
62 126 1
62 170 1
62 93 1
62 74 1
62 198 1
62 137 1
62 194 1
62 81 1
62 149 1
62 65 1
62 94 1
62 152 1
62 148 1
62 123 1
62 166 1
62 120 1
62 135 1
62 85 1
62 76 1
62 121 1
62 187 1
62 200 1
62 171 1
62 80 1
62 184 1
62 158 1
62 181 1
62 138 1
62 147 1
62 173 1
62 185 1
62 183 1
62 156 1
62 189 1
62 68 1
62 70 1
62 84 1
62 69 1
62 124 1
63 162 1
63 166 1
63 78 1
63 180 1
63 64 1
63 109 1
63 136 1
63 167 1
63 193 1
63 194 1
63 191 1
63 148 1
63 113 1
63 157 1
63 106 1
63 133 1
63 84 1
63 195 1
63 115 1
63 107 1
63 169 1
63 174 1
63 177 1
63 105 1
63 130 1
63 170 1
63 163 1
63 114 1
63 94 1
63 122 1
63 165 1
63 66 1
63 99 1
63 181 1
63 173 1
63 121 1
63 155 1
64 193 1
64 117 1
64 68 1
64 126 1
64 197 1
64 200 1
64 123 1
64 147 1
64 98 1
64 119 1
64 101 1
64 186 1
64 131 1
64 132 1
64 145 1
64 71 1
64 140 1
64 118 1
64 171 1
64 102 1
64 158 1
64 184 1
64 95 1
64 196 1
64 181 1
64 179 1
64 190 1
64 178 1
64 153 1
64 125 1
64 175 1
64 81 1
64 105 1
64 188 1
64 92 1
64 144 1
64 127 1
64 183 1
64 128 1
64 124 1
65 71 1
65 151 1
65 129 1
65 132 1
65 101 1
65 179 1
65 156 1
65 194 1
65 168 1
65 185 1
65 100 1
65 82 1
65 191 1
65 127 1
65 83 1
65 138 1
65 85 1
65 142 1
65 165 1
65 105 1
65 92 1
65 186 1
65 160 1
65 199 1
65 176 1
65 114 1
65 128 1
65 145 1
65 121 1
65 116 1
65 81 1
65 173 1
65 119 1
65 135 1
65 182 1
65 133 1
65 169 1
65 148 1
65 102 1
65 130 1
65 122 1
65 198 1
65 195 1
65 113 1
65 111 1
65 97 1
66 113 1
66 170 1
66 68 1
66 88 1
66 145 1
66 160 1
66 128 1
66 89 1
66 132 1
66 161 1
66 131 1
66 93 1
66 127 1
66 164 1
66 197 1
66 180 1
66 157 1
66 144 1
66 186 1
66 79 1
66 137 1
66 120 1
66 140 1
66 167 1
66 148 1
66 73 1
66 149 1
66 82 1
66 101 1
66 106 1
66 187 1
66 166 1
66 179 1
66 130 1
66 112 1
66 107 1
66 183 1
66 159 1
66 90 1
67 152 1
67 108 1
67 114 1
67 179 1
67 97 1
67 195 1
67 182 1
67 148 1
67 92 1
67 119 1
67 115 1
67 171 1
67 189 1
67 158 1
67 185 1
67 116 1
67 177 1
67 101 1
67 150 1
67 120 1
67 144 1
67 76 1
67 199 1
67 100 1
67 75 1
67 125 1
67 134 1
67 118 1
67 77 1
67 128 1
67 135 1
67 153 1
67 170 1
67 129 1
67 84 1
67 71 1
67 140 1
67 167 1
67 186 1
67 98 1
68 107 1
68 121 1
68 80 1
68 190 1
68 132 1
68 128 1
68 115 1
68 147 1
68 103 1
68 71 1
68 158 1
68 95 1
68 144 1
68 85 1
68 106 1
68 76 1
68 188 1
68 96 1
68 93 1
68 141 1
68 114 1
68 116 1
68 119 1
68 120 1
68 101 1
68 165 1
68 182 1
68 89 1
68 157 1
68 118 1
68 111 1
68 146 1
68 192 1
68 153 1
68 191 1
68 74 1
68 197 1
68 133 1
68 200 1
68 198 1
68 112 1
68 142 1
69 157 1
69 87 1
69 161 1
69 116 1
69 113 1
69 83 1
69 112 1
69 197 1
69 139 1
69 76 1
69 101 1
69 168 1
69 88 1
69 154 1
69 145 1
69 160 1
69 137 1
69 84 1
69 93 1
69 184 1
69 125 1
69 109 1
69 99 1
69 128 1
69 105 1
69 104 1
69 121 1
69 117 1
69 73 1
69 79 1
69 133 1
69 143 1
69 129 1
69 102 1
69 185 1
69 124 1
69 164 1
69 86 1
69 200 1
69 156 1
69 142 1
69 131 1
69 141 1
69 74 1
69 146 1
70 145 1
70 124 1
70 195 1
70 97 1
70 87 1
70 98 1
70 187 1
70 133 1
70 149 1
70 78 1
70 168 1
70 200 1
70 176 1
70 188 1
70 81 1
70 150 1
70 102 1
70 192 1
70 83 1
70 116 1
70 174 1
70 134 1
70 139 1
70 169 1
70 197 1
70 91 1
70 77 1
70 72 1
70 119 1
70 158 1
70 165 1
70 163 1
70 126 1
70 90 1
70 135 1
70 148 1
70 84 1
70 157 1
70 113 1
70 114 1
70 92 1
70 110 1
70 101 1
70 186 1
70 184 1
70 177 1
71 91 1
71 193 1
71 107 1
71 165 1
71 97 1
71 174 1
71 130 1
71 132 1
71 163 1
71 77 1
71 85 1
71 88 1
71 177 1
71 84 1
71 142 1
71 150 1
71 129 1
71 79 1
71 136 1
71 154 1
71 100 1
71 81 1
71 111 1
71 121 1
71 94 1
71 187 1
71 105 1
71 103 1
71 147 1
71 167 1
71 158 1
71 194 1
71 80 1
71 126 1
71 134 1
71 115 1
71 72 1
71 123 1
71 90 1
71 76 1
71 138 1
71 127 1
72 73 1
72 97 1
72 83 1
72 165 1
72 128 1
72 111 1
72 88 1
72 149 1
72 110 1
72 144 1
72 142 1
72 121 1
72 117 1
72 89 1
72 146 1
72 179 1
72 161 1
72 132 1
72 119 1
72 93 1
72 178 1
72 167 1
72 113 1
72 133 1
72 80 1
72 131 1
72 169 1
72 135 1
73 88 1
73 75 1
73 107 1
73 104 1
73 136 1
73 83 1
73 80 1
73 118 1
73 94 1
73 98 1
73 147 1
73 164 1
73 191 1
73 180 1
73 173 1
73 179 1
73 89 1
73 114 1
73 108 1
73 128 1
73 122 1
73 184 1
73 161 1
73 77 1
73 113 1
73 111 1
73 141 1
73 197 1
73 154 1
73 99 1
73 76 1
73 86 1
73 148 1
73 92 1
73 176 1
73 96 1
73 100 1
73 198 1
73 153 1
73 171 1
73 156 1
73 84 1
74 191 1
74 187 1
74 121 1
74 156 1
74 195 1
74 158 1
74 165 1
74 85 1
74 199 1
74 179 1
74 189 1
74 99 1
74 94 1
74 161 1
74 169 1
74 143 1
74 122 1
74 160 1
74 124 1
74 113 1
74 164 1
74 126 1
74 82 1
74 125 1
74 192 1
74 138 1
74 78 1
74 154 1
74 106 1
74 139 1
74 181 1
74 175 1
74 129 1
74 151 1
74 75 1
74 136 1
74 96 1
74 170 1
74 79 1
75 189 1
75 127 1
75 176 1
75 123 1
75 117 1
75 81 1
75 149 1
75 90 1
75 183 1
75 120 1
75 101 1
75 154 1
75 137 1
75 186 1
75 93 1
75 158 1
75 85 1
75 195 1
75 181 1
75 174 1
75 110 1
75 190 1
75 119 1
75 164 1
75 91 1
75 112 1
75 191 1
75 140 1
75 121 1
75 99 1
75 170 1
75 146 1
75 160 1
75 106 1
75 156 1
75 182 1
75 126 1
75 144 1
75 114 1
75 135 1
75 104 1
76 122 1
76 151 1
76 165 1
76 180 1
76 105 1
76 194 1
76 90 1
76 199 1
76 129 1
76 132 1
76 142 1
76 181 1
76 99 1
76 94 1
76 100 1
76 159 1
76 107 1
76 85 1
76 144 1
76 131 1
76 98 1
76 112 1
76 125 1
76 110 1
77 136 1
77 155 1
77 117 1
77 152 1
77 78 1
77 158 1
77 128 1
77 138 1
77 124 1
77 112 1
77 140 1
77 87 1
77 173 1
77 190 1
77 120 1
77 127 1
77 196 1
77 170 1
77 156 1
77 92 1
77 119 1
77 191 1
77 193 1
77 151 1
77 160 1
77 96 1
77 164 1
77 161 1
77 132 1
77 169 1
77 95 1
77 81 1
77 114 1
77 100 1
78 81 1
78 163 1
78 125 1
78 105 1
78 119 1
78 120 1
78 99 1
78 159 1
78 133 1
78 150 1
78 170 1
78 97 1
78 79 1
78 111 1
78 135 1
78 188 1
78 132 1
78 107 1
78 118 1
78 143 1
78 108 1
78 86 1
78 96 1
78 173 1
78 112 1
78 178 1
78 197 1
78 161 1
78 95 1
78 92 1
78 200 1
78 146 1
79 135 1
79 93 1
79 184 1
79 142 1
79 86 1
79 170 1
79 130 1
79 117 1
79 193 1
79 153 1
79 161 1
79 123 1
79 124 1
79 165 1
79 166 1
79 154 1
79 134 1
79 110 1
79 113 1
79 136 1
79 137 1
79 150 1
79 181 1
79 177 1
79 109 1
79 171 1
79 125 1
79 138 1
79 200 1
79 133 1
79 182 1
79 141 1
79 194 1
80 118 1
80 114 1
80 150 1
80 144 1
80 194 1
80 184 1
80 179 1
80 195 1
80 104 1
80 185 1
80 126 1
80 152 1
80 119 1
80 140 1
80 103 1
80 142 1
80 158 1
80 109 1
80 193 1
80 100 1
80 115 1
80 122 1
80 177 1
80 106 1
80 162 1
80 168 1
80 108 1
81 147 1
81 176 1
81 89 1
81 127 1
81 184 1
81 188 1
81 84 1
81 106 1
81 156 1
81 124 1
81 158 1
81 113 1
81 123 1
81 103 1
81 159 1
81 189 1
81 98 1
81 164 1
81 196 1
81 166 1
81 173 1
81 131 1
81 112 1
81 111 1
81 122 1
81 107 1
81 167 1
81 146 1
81 162 1
81 105 1
81 101 1
81 135 1
81 117 1
81 150 1
81 171 1
81 180 1
82 133 1
82 157 1
82 178 1
82 125 1
82 146 1
82 174 1
82 184 1
82 150 1
82 106 1
82 130 1
82 119 1
82 115 1
82 167 1
82 186 1
82 165 1
82 198 1
82 111 1
82 168 1
82 173 1
82 161 1
82 110 1
82 182 1
82 83 1
82 113 1
82 92 1
82 120 1
82 101 1
82 95 1
82 89 1
82 192 1
82 185 1
82 169 1
82 166 1
82 193 1
82 176 1
82 138 1
82 84 1
82 189 1
82 94 1
82 152 1
83 125 1
83 183 1
83 109 1
83 104 1
83 120 1
83 133 1
83 106 1
83 180 1
83 155 1
83 138 1
83 152 1
83 96 1
83 137 1
83 107 1
83 166 1
83 148 1
83 117 1
83 159 1
83 194 1
83 89 1
83 135 1
83 157 1
83 86 1
83 87 1
83 145 1
83 181 1
83 91 1
83 122 1
83 124 1
83 192 1
83 113 1
83 134 1
84 126 1
84 93 1
84 85 1
84 189 1
84 99 1
84 199 1
84 141 1
84 106 1
84 97 1
84 116 1
84 89 1
84 100 1
84 98 1
84 103 1
84 132 1
84 109 1
84 105 1
84 195 1
84 171 1
84 160 1
84 200 1
84 129 1
84 118 1
84 113 1
84 114 1
84 104 1
84 122 1
84 167 1
84 145 1
84 197 1
85 127 1
85 161 1
85 154 1
85 125 1
85 185 1
85 89 1
85 184 1
85 147 1
85 121 1
85 168 1
85 181 1
85 139 1
85 103 1
85 102 1
85 173 1
85 197 1
85 94 1
85 119 1
85 199 1
85 180 1
85 170 1
85 133 1
85 198 1
85 105 1
85 195 1
85 142 1
85 95 1
85 177 1
85 143 1
85 162 1
85 117 1
85 183 1
85 151 1
85 122 1
85 128 1
85 87 1
85 167 1
85 130 1
86 92 1
86 109 1
86 108 1
86 185 1
86 115 1
86 150 1
86 190 1
86 95 1
86 191 1
86 111 1
86 139 1
86 140 1
86 180 1
86 178 1
86 133 1
86 167 1
86 168 1
86 134 1
86 164 1
86 149 1
86 171 1
86 90 1
86 125 1
86 198 1
86 128 1
86 187 1
86 170 1
86 130 1
86 129 1
86 165 1
86 104 1
86 116 1
86 88 1
86 141 1
86 103 1
86 145 1
86 160 1
86 100 1
86 94 1
86 196 1
86 200 1
86 153 1
86 89 1
86 87 1
86 184 1
86 118 1
87 178 1
87 174 1
87 106 1
87 150 1
87 167 1
87 190 1
87 152 1
87 111 1
87 119 1
87 94 1
87 180 1
87 155 1
87 153 1
87 92 1
87 195 1
87 120 1
87 135 1
87 98 1
87 107 1
87 89 1
87 103 1
87 173 1
87 151 1
87 160 1
87 199 1
87 93 1
87 144 1
87 109 1
87 136 1
87 200 1
87 154 1
87 165 1
87 131 1
87 163 1
87 132 1
87 114 1
87 188 1
87 164 1
87 121 1
87 112 1
87 179 1
88 150 1
88 169 1
88 171 1
88 114 1
88 126 1
88 144 1
88 132 1
88 149 1
88 152 1
88 98 1
88 125 1
88 124 1
88 111 1
88 177 1
88 164 1
88 197 1
88 136 1
88 129 1
88 145 1
88 140 1
88 119 1
88 161 1
88 158 1
88 89 1
88 142 1
88 91 1
88 176 1
89 143 1
89 200 1
89 111 1
89 181 1
89 129 1
89 94 1
89 124 1
89 170 1
89 194 1
89 105 1
89 146 1
89 104 1
89 110 1
89 159 1
89 121 1
89 149 1
89 192 1
89 196 1
89 187 1
89 184 1
89 167 1
89 125 1
89 166 1
89 152 1
89 148 1
89 189 1
89 100 1
89 165 1
89 179 1
89 182 1
90 98 1
90 131 1
90 154 1
90 184 1
90 123 1
90 127 1
90 186 1
90 109 1
90 157 1
90 118 1
90 113 1
90 142 1
90 145 1
90 191 1
90 198 1
90 149 1
90 159 1
90 158 1
90 110 1
90 188 1
90 128 1
90 179 1
90 120 1
91 170 1
91 183 1
91 153 1
91 179 1
91 184 1
91 139 1
91 121 1
91 92 1
91 125 1
91 110 1
91 107 1
91 197 1
91 134 1
91 165 1
91 190 1
91 108 1
91 97 1
91 113 1
91 175 1
91 150 1
91 94 1
91 182 1
91 137 1
91 199 1
91 106 1
91 176 1
91 101 1
91 189 1
91 174 1
91 128 1
92 195 1
92 142 1
92 106 1
92 129 1
92 162 1
92 133 1
92 190 1
92 125 1
92 144 1
92 184 1
92 93 1
92 160 1
92 99 1
92 189 1
92 116 1
92 95 1
92 134 1
92 123 1
92 137 1
92 177 1
92 175 1
92 194 1
92 120 1
92 193 1
92 159 1
92 176 1
92 118 1
92 155 1
92 191 1
92 156 1
92 94 1
92 161 1
92 149 1
92 179 1
92 178 1
92 157 1
92 145 1
93 99 1
93 178 1
93 182 1
93 137 1
93 123 1
93 161 1
93 186 1
93 147 1
93 143 1
93 155 1
93 97 1
93 146 1
93 180 1
93 153 1
93 169 1
93 160 1
93 167 1
93 104 1
93 151 1
93 132 1
93 181 1
93 173 1
93 176 1
93 168 1
93 139 1
93 94 1
93 127 1
93 95 1
93 133 1
93 174 1
94 138 1
94 148 1
94 165 1
94 97 1
94 109 1
94 176 1
94 186 1
94 98 1
94 145 1
94 199 1
94 123 1
94 159 1
94 116 1
94 172 1
94 175 1
94 140 1
94 171 1
94 119 1
94 104 1
94 99 1
94 142 1
94 170 1
94 194 1
94 144 1
94 102 1
94 198 1
94 192 1
94 173 1
94 155 1
94 187 1
94 166 1
94 183 1
94 193 1
95 172 1
95 191 1
95 157 1
95 199 1
95 192 1
95 171 1
95 109 1
95 161 1
95 159 1
95 200 1
95 152 1
95 103 1
95 168 1
95 140 1
95 186 1
95 174 1
95 129 1
95 144 1
95 118 1
95 164 1
95 105 1
95 196 1
95 153 1
95 122 1
95 102 1
95 135 1
95 115 1
95 160 1
95 107 1
95 125 1
95 184 1
95 150 1
95 143 1
95 97 1
95 194 1
95 108 1
95 126 1
95 114 1
95 111 1
95 136 1
96 114 1
96 170 1
96 162 1
96 174 1
96 168 1
96 106 1
96 139 1
96 145 1
96 149 1
96 110 1
96 183 1
96 105 1
96 181 1
96 120 1
96 134 1
96 102 1
96 160 1
96 184 1
96 124 1
96 152 1
96 157 1
96 161 1
96 148 1
96 172 1
97 153 1
97 197 1
97 142 1
97 185 1
97 163 1
97 181 1
97 109 1
97 175 1
97 130 1
97 162 1
97 180 1
97 189 1
97 100 1
97 166 1
97 122 1
97 123 1
97 165 1
97 110 1
97 167 1
97 106 1
97 157 1
97 164 1
97 179 1
97 176 1
97 145 1
97 139 1
97 120 1
97 115 1
97 188 1
98 188 1
98 138 1
98 154 1
98 163 1
98 140 1
98 199 1
98 187 1
98 168 1
98 146 1
98 122 1
98 142 1
98 105 1
98 123 1
98 113 1
98 166 1
98 200 1
98 126 1
98 116 1
98 198 1
98 147 1
98 108 1
98 124 1
98 189 1
98 104 1
98 184 1
98 121 1
98 134 1
98 196 1
98 191 1
98 179 1
98 128 1
98 115 1
98 195 1
98 114 1
98 149 1
98 164 1
98 181 1
98 150 1
98 110 1
98 144 1
99 102 1
99 105 1
99 127 1
99 129 1
99 153 1
99 148 1
99 158 1
99 132 1
99 175 1
99 189 1
99 173 1
99 162 1
99 141 1
99 151 1
99 166 1
99 108 1
99 140 1
99 178 1
99 124 1
99 177 1
99 194 1
99 199 1
100 171 1
100 175 1
100 168 1
100 135 1
100 108 1
100 119 1
100 152 1
100 187 1
100 181 1
100 151 1
100 105 1
100 160 1
100 101 1
100 142 1
100 148 1
100 134 1
100 188 1
100 123 1
100 138 1
100 113 1
100 166 1
100 186 1
100 159 1
100 164 1
100 199 1
100 162 1
100 174 1
100 104 1
100 107 1
100 139 1
100 161 1
100 183 1
100 154 1
100 176 1
101 138 1
101 152 1
101 155 1
101 200 1
101 111 1
101 129 1
101 132 1
101 173 1
101 122 1
101 146 1
101 117 1
101 163 1
101 130 1
101 139 1
101 150 1
101 170 1
101 190 1
101 140 1
101 154 1
101 106 1
101 148 1
101 102 1
101 169 1
101 192 1
101 182 1
101 184 1
101 153 1
101 127 1
101 181 1
101 161 1
102 132 1
102 161 1
102 177 1
102 103 1
102 115 1
102 164 1
102 168 1
102 166 1
102 143 1
102 129 1
102 194 1
102 178 1
102 197 1
102 104 1
102 114 1
102 183 1
102 184 1
102 145 1
102 176 1
102 135 1
102 118 1
102 191 1
102 186 1
102 158 1
102 189 1
102 172 1
102 154 1
102 146 1
102 195 1
102 136 1
103 118 1
103 180 1
103 178 1
103 174 1
103 123 1
103 172 1
103 199 1
103 135 1
103 106 1
103 166 1
103 149 1
103 143 1
103 173 1
103 146 1
103 164 1
103 159 1
103 125 1
103 158 1
103 167 1
103 196 1
103 152 1
103 109 1
103 186 1
103 161 1
103 195 1
103 188 1
103 198 1
104 113 1
104 106 1
104 163 1
104 152 1
104 168 1
104 195 1
104 112 1
104 144 1
104 140 1
104 190 1
104 198 1
104 170 1
104 139 1
104 124 1
104 127 1
104 148 1
104 161 1
104 185 1
104 149 1
104 122 1
104 196 1
104 157 1
104 184 1
104 130 1
104 119 1
104 171 1
104 110 1
104 143 1
104 159 1
104 120 1
104 146 1
104 189 1
105 192 1
105 153 1
105 128 1
105 162 1
105 171 1
105 108 1
105 134 1
105 187 1
105 176 1
105 124 1
105 188 1
105 138 1
105 112 1
105 121 1
105 111 1
105 110 1
105 109 1
105 152 1
105 179 1
105 156 1
105 151 1
105 125 1
105 117 1
105 135 1
105 139 1
105 193 1
105 157 1
105 184 1
105 180 1
105 164 1
105 166 1
106 126 1
106 143 1
106 123 1
106 154 1
106 159 1
106 180 1
106 183 1
106 133 1
106 128 1
106 111 1
106 110 1
106 184 1
106 134 1
106 182 1
106 136 1
106 162 1
106 108 1
106 137 1
106 196 1
106 186 1
106 195 1
106 179 1
106 164 1
106 138 1
106 147 1
106 119 1
106 120 1
106 151 1
106 169 1
106 130 1
106 152 1
106 140 1
106 197 1
106 157 1
106 190 1
106 161 1
106 141 1
107 178 1
107 113 1
107 119 1
107 141 1
107 144 1
107 154 1
107 128 1
107 169 1
107 170 1
107 157 1
107 121 1
107 194 1
107 149 1
107 160 1
107 166 1
107 164 1
107 184 1
107 185 1
107 150 1
107 108 1
107 156 1
107 126 1
108 197 1
108 137 1
108 150 1
108 143 1
108 134 1
108 193 1
108 164 1
108 114 1
108 152 1
108 190 1
108 121 1
108 115 1
108 126 1
108 159 1
108 176 1
108 198 1
108 127 1
108 179 1
108 129 1
108 158 1
108 144 1
108 161 1
108 128 1
108 139 1
109 133 1
109 164 1
109 168 1
109 194 1
109 136 1
109 192 1
109 177 1
109 128 1
109 143 1
109 181 1
109 154 1
109 134 1
109 161 1
109 121 1
109 130 1
109 184 1
109 150 1
109 112 1
109 198 1
109 111 1
109 137 1
109 191 1
109 145 1
109 162 1
109 187 1
109 142 1
109 122 1
109 163 1
110 112 1
110 140 1
110 132 1
110 180 1
110 197 1
110 192 1
110 149 1
110 176 1
110 188 1
110 150 1
110 128 1
110 200 1
110 116 1
110 177 1
110 125 1
110 155 1
110 174 1
110 137 1
110 167 1
110 172 1
110 117 1
110 129 1
110 194 1
110 148 1
110 178 1
110 165 1
110 138 1
110 198 1
110 161 1
110 184 1
111 114 1
111 155 1
111 134 1
111 169 1
111 164 1
111 126 1
111 135 1
111 117 1
111 168 1
111 179 1
111 137 1
111 156 1
111 132 1
111 154 1
111 181 1
111 112 1
111 116 1
111 138 1
111 152 1
111 120 1
111 171 1
111 182 1
111 129 1
111 198 1
111 162 1
111 153 1
112 176 1
112 146 1
112 196 1
112 147 1
112 122 1
112 144 1
112 113 1
112 135 1
112 162 1
112 148 1
112 137 1
112 149 1
112 198 1
112 193 1
112 133 1
112 160 1
112 124 1
112 194 1
112 189 1
112 183 1
112 120 1
112 170 1
113 180 1
113 145 1
113 155 1
113 131 1
113 154 1
113 148 1
113 181 1
113 161 1
113 199 1
113 139 1
113 171 1
113 149 1
113 165 1
113 123 1
113 196 1
113 158 1
113 194 1
113 185 1
113 130 1
113 164 1
113 119 1
113 140 1
113 163 1
113 166 1
113 177 1
113 167 1
113 128 1
113 195 1
113 172 1
114 193 1
114 142 1
114 129 1
114 122 1
114 165 1
114 200 1
114 195 1
114 141 1
114 180 1
114 119 1
114 197 1
114 188 1
114 151 1
114 153 1
114 183 1
114 121 1
114 134 1
114 176 1
114 130 1
114 184 1
114 194 1
114 170 1
114 147 1
114 192 1
114 125 1
114 118 1
114 160 1
114 154 1
114 135 1
114 144 1
114 149 1
114 174 1
114 186 1
115 199 1
115 147 1
115 158 1
115 191 1
115 183 1
115 128 1
115 169 1
115 116 1
115 140 1
115 137 1
115 165 1
115 149 1
115 126 1
115 150 1
115 130 1
115 193 1
115 200 1
115 173 1
115 174 1
115 194 1
115 118 1
115 153 1
116 177 1
116 123 1
116 143 1
116 174 1
116 156 1
116 120 1
116 194 1
116 118 1
116 149 1
116 200 1
116 124 1
116 186 1
116 154 1
116 199 1
116 165 1
116 198 1
116 119 1
116 126 1
116 144 1
116 131 1
116 147 1
116 138 1
116 176 1
116 179 1
116 192 1
116 196 1
117 118 1
117 121 1
117 188 1
117 163 1
117 180 1
117 135 1
117 184 1
117 168 1
117 129 1
117 175 1
117 174 1
117 166 1
117 149 1
117 145 1
117 190 1
117 162 1
117 156 1
117 139 1
117 197 1
117 177 1
117 159 1
117 155 1
117 126 1
117 198 1
117 132 1
117 189 1
118 123 1
118 199 1
118 194 1
118 196 1
118 167 1
118 148 1
118 156 1
118 152 1
118 155 1
118 170 1
118 143 1
118 176 1
118 158 1
118 185 1
118 138 1
118 198 1
118 125 1
118 133 1
118 182 1
118 192 1
118 141 1
119 166 1
119 197 1
119 130 1
119 192 1
119 165 1
119 157 1
119 133 1
119 150 1
119 167 1
119 140 1
119 171 1
119 182 1
119 124 1
119 175 1
119 184 1
119 125 1
119 185 1
119 191 1
119 129 1
119 196 1
119 154 1
119 189 1
119 186 1
119 163 1
119 170 1
119 149 1
119 145 1
119 199 1
120 138 1
120 164 1
120 121 1
120 131 1
120 149 1
120 172 1
120 152 1
120 184 1
120 134 1
120 188 1
120 145 1
120 186 1
120 151 1
120 176 1
120 165 1
120 191 1
121 151 1
121 190 1
121 144 1
121 131 1
121 164 1
121 148 1
121 156 1
121 141 1
121 171 1
121 126 1
121 194 1
121 184 1
121 127 1
121 163 1
121 152 1
121 196 1
121 130 1
121 180 1
121 125 1
121 173 1
121 157 1
121 123 1
121 187 1
121 142 1
121 158 1
121 159 1
121 174 1
122 200 1
122 148 1
122 155 1
122 139 1
122 146 1
122 126 1
122 183 1
122 147 1
122 153 1
122 130 1
122 172 1
122 182 1
122 186 1
122 171 1
122 164 1
122 194 1
122 181 1
122 187 1
122 123 1
122 193 1
122 189 1
122 142 1
122 195 1
122 166 1
122 150 1
122 180 1
123 163 1
123 199 1
123 126 1
123 151 1
123 176 1
123 185 1
123 177 1
123 195 1
123 184 1
123 134 1
123 135 1
123 183 1
123 150 1
123 157 1
123 155 1
123 179 1
123 153 1
123 154 1
123 165 1
123 161 1
123 130 1
123 149 1
124 171 1
124 136 1
124 149 1
124 158 1
124 155 1
124 130 1
124 160 1
124 181 1
124 182 1
124 145 1
124 165 1
124 175 1
124 128 1
124 190 1
124 176 1
124 186 1
124 138 1
124 184 1
125 171 1
125 144 1
125 153 1
125 147 1
125 146 1
125 195 1
125 186 1
125 164 1
125 148 1
125 133 1
125 152 1
125 134 1
125 131 1
125 167 1
125 157 1
125 200 1
125 158 1
125 162 1
125 155 1
125 194 1
125 184 1
125 150 1
125 142 1
126 146 1
126 133 1
126 185 1
126 179 1
126 130 1
126 186 1
126 163 1
126 191 1
126 188 1
126 143 1
126 139 1
126 132 1
126 149 1
126 176 1
126 142 1
126 196 1
126 138 1
126 198 1
126 157 1
126 170 1
126 160 1
126 153 1
127 167 1
127 191 1
127 196 1
127 130 1
127 146 1
127 132 1
127 159 1
127 149 1
127 183 1
127 164 1
127 151 1
127 172 1
127 177 1
127 156 1
127 197 1
127 180 1
127 152 1
128 181 1
128 179 1
128 167 1
128 180 1
128 182 1
128 147 1
128 132 1
128 183 1
128 142 1
128 149 1
128 138 1
128 184 1
128 191 1
128 159 1
128 153 1
128 154 1
128 163 1
128 134 1
128 145 1
129 189 1
129 164 1
129 154 1
129 132 1
129 135 1
129 193 1
129 138 1
129 142 1
129 159 1
129 136 1
129 145 1
129 161 1
129 185 1
129 177 1
129 194 1
129 155 1
129 148 1
129 192 1
129 183 1
129 133 1
129 157 1
130 186 1
130 175 1
130 155 1
130 161 1
130 167 1
130 140 1
130 145 1
130 158 1
130 170 1
130 190 1
130 183 1
130 133 1
130 166 1
130 153 1
130 146 1
130 168 1
130 171 1
130 138 1
130 132 1
131 193 1
131 142 1
131 172 1
131 176 1
131 150 1
131 170 1
131 133 1
131 139 1
131 152 1
131 179 1
131 143 1
131 161 1
131 132 1
131 160 1
131 183 1
131 148 1
131 197 1
131 173 1
131 156 1
131 180 1
132 181 1
132 182 1
132 141 1
132 197 1
132 169 1
132 165 1
132 162 1
132 158 1
132 146 1
132 138 1
132 166 1
132 143 1
132 150 1
132 163 1
132 198 1
132 164 1
132 196 1
132 149 1
132 175 1
132 157 1
132 189 1
133 198 1
133 167 1
133 166 1
133 165 1
133 153 1
133 195 1
133 185 1
133 147 1
133 173 1
133 145 1
133 182 1
133 189 1
133 142 1
133 179 1
133 157 1
133 176 1
133 188 1
133 138 1
133 172 1
133 156 1
133 135 1
133 187 1
133 170 1
134 186 1
134 148 1
134 137 1
134 188 1
134 138 1
134 192 1
134 179 1
134 172 1
134 175 1
134 170 1
134 177 1
134 141 1
134 143 1
134 173 1
134 142 1
134 178 1
134 198 1
134 196 1
135 170 1
135 150 1
135 159 1
135 163 1
135 165 1
135 183 1
135 153 1
135 154 1
135 142 1
135 185 1
135 172 1
135 189 1
135 181 1
135 161 1
135 148 1
135 162 1
135 197 1
135 146 1
135 160 1
135 168 1
136 178 1
136 199 1
136 137 1
136 194 1
136 139 1
136 141 1
136 144 1
136 185 1
136 181 1
136 175 1
136 171 1
136 177 1
136 192 1
137 147 1
137 165 1
137 163 1
137 142 1
137 181 1
137 170 1
137 149 1
137 177 1
137 141 1
137 180 1
138 187 1
138 183 1
138 141 1
138 166 1
138 147 1
138 167 1
138 148 1
138 159 1
138 152 1
138 178 1
138 186 1
138 157 1
138 151 1
138 153 1
138 140 1
138 155 1
138 191 1
139 183 1
139 147 1
139 191 1
139 154 1
139 156 1
139 182 1
139 144 1
139 186 1
139 164 1
139 197 1
139 150 1
139 187 1
139 168 1
139 146 1
139 181 1
140 176 1
140 161 1
140 150 1
140 183 1
140 184 1
140 171 1
140 168 1
140 200 1
140 160 1
140 190 1
140 197 1
140 189 1
140 146 1
140 147 1
140 193 1
140 145 1
140 141 1
140 164 1
140 181 1
140 144 1
140 169 1
141 158 1
141 155 1
141 198 1
141 167 1
141 183 1
141 144 1
141 166 1
141 177 1
141 182 1
141 157 1
141 145 1
141 164 1
141 169 1
142 195 1
142 198 1
142 152 1
142 169 1
142 145 1
142 177 1
142 180 1
142 167 1
142 160 1
142 175 1
142 171 1
142 166 1
142 182 1
142 172 1
142 176 1
142 148 1
143 148 1
143 194 1
143 145 1
143 154 1
143 149 1
143 147 1
143 158 1
143 144 1
143 197 1
143 152 1
143 182 1
143 187 1
143 153 1
143 159 1
143 146 1
143 195 1
144 188 1
144 171 1
144 173 1
144 184 1
144 176 1
144 172 1
144 170 1
144 164 1
144 200 1
144 158 1
144 186 1
144 195 1
144 152 1
144 162 1
144 169 1
144 149 1
144 198 1
144 166 1
144 154 1
144 161 1
145 165 1
145 185 1
145 157 1
145 195 1
145 161 1
145 154 1
145 152 1
145 166 1
145 153 1
145 172 1
145 156 1
145 155 1
145 168 1
145 169 1
146 171 1
146 192 1
146 169 1
146 157 1
146 186 1
146 174 1
146 156 1
146 197 1
146 165 1
146 162 1
146 166 1
146 181 1
146 164 1
146 195 1
146 200 1
146 184 1
147 192 1
147 148 1
147 174 1
147 189 1
147 162 1
147 154 1
147 183 1
147 166 1
147 196 1
147 150 1
147 173 1
147 159 1
147 164 1
147 169 1
147 200 1
148 195 1
148 194 1
148 154 1
148 152 1
148 169 1
148 162 1
148 168 1
148 185 1
148 163 1
148 150 1
148 156 1
148 161 1
148 165 1
148 179 1
148 200 1
148 149 1
148 176 1
148 188 1
148 174 1
149 161 1
149 178 1
149 198 1
149 173 1
149 186 1
149 190 1
149 150 1
149 183 1
149 166 1
149 193 1
149 160 1
149 188 1
150 171 1
150 153 1
150 197 1
150 160 1
150 184 1
150 188 1
150 200 1
150 161 1
150 179 1
150 176 1
150 187 1
151 171 1
151 199 1
151 159 1
151 196 1
151 194 1
151 177 1
151 184 1
151 164 1
152 169 1
152 197 1
152 166 1
152 181 1
152 162 1
152 155 1
152 161 1
152 186 1
152 171 1
152 194 1
152 164 1
152 187 1
152 156 1
152 184 1
153 188 1
153 197 1
153 178 1
153 192 1
153 163 1
153 165 1
153 164 1
153 161 1
153 180 1
153 169 1
153 174 1
153 193 1
154 185 1
154 156 1
154 165 1
154 191 1
154 184 1
154 195 1
154 181 1
154 176 1
154 189 1
154 159 1
154 175 1
154 161 1
154 180 1
155 170 1
155 168 1
155 183 1
155 179 1
155 158 1
155 195 1
155 174 1
155 191 1
155 192 1
155 194 1
155 160 1
156 167 1
156 173 1
156 192 1
156 177 1
156 182 1
156 161 1
156 189 1
156 171 1
156 181 1
156 174 1
156 183 1
156 199 1
157 181 1
157 175 1
157 167 1
157 182 1
157 200 1
157 186 1
157 164 1
157 185 1
157 178 1
157 180 1
157 184 1
157 187 1
157 183 1
157 198 1
157 166 1
157 190 1
158 198 1
158 190 1
158 196 1
158 187 1
158 171 1
158 169 1
158 179 1
158 180 1
158 163 1
158 160 1
158 188 1
158 192 1
158 173 1
158 195 1
159 164 1
159 192 1
159 195 1
159 160 1
159 194 1
159 171 1
159 178 1
159 169 1
159 198 1
159 181 1
159 186 1
159 176 1
159 199 1
159 162 1
159 167 1
159 190 1
160 168 1
160 188 1
160 181 1
160 164 1
160 174 1
160 189 1
160 166 1
160 177 1
160 162 1
160 198 1
160 190 1
160 196 1
160 186 1
160 200 1
160 165 1
161 165 1
161 162 1
161 168 1
161 171 1
161 193 1
161 197 1
161 164 1
161 190 1
161 172 1
161 169 1
161 178 1
162 197 1
162 193 1
162 165 1
162 172 1
162 179 1
162 190 1
162 196 1
162 181 1
162 169 1
162 164 1
162 175 1
162 186 1
162 189 1
163 195 1
163 188 1
163 172 1
163 192 1
163 181 1
163 171 1
163 170 1
163 187 1
163 165 1
164 191 1
164 166 1
164 168 1
164 171 1
164 198 1
164 194 1
164 183 1
165 181 1
165 193 1
165 166 1
165 176 1
165 169 1
165 173 1
165 199 1
165 195 1
166 199 1
166 196 1
166 179 1
166 187 1
166 182 1
166 177 1
166 183 1
166 192 1
166 175 1
166 168 1
166 191 1
166 170 1
166 200 1
166 194 1
167 179 1
167 177 1
167 183 1
167 185 1
167 173 1
167 172 1
167 199 1
167 189 1
167 197 1
167 188 1
167 176 1
167 170 1
168 197 1
168 189 1
168 177 1
168 186 1
168 182 1
168 172 1
168 196 1
168 190 1
168 200 1
168 185 1
169 191 1
169 177 1
169 178 1
169 174 1
169 194 1
169 190 1
169 182 1
169 183 1
169 196 1
169 188 1
169 171 1
170 188 1
170 172 1
170 181 1
170 190 1
170 191 1
170 180 1
170 199 1
170 179 1
170 174 1
171 187 1
171 180 1
171 191 1
171 177 1
171 179 1
171 175 1
172 190 1
172 173 1
172 176 1
172 189 1
172 183 1
172 195 1
173 181 1
173 197 1
173 189 1
173 198 1
173 179 1
173 191 1
173 193 1
173 186 1
173 195 1
173 182 1
173 190 1
173 178 1
174 198 1
174 187 1
174 189 1
174 200 1
174 191 1
174 179 1
174 176 1
174 181 1
175 191 1
175 185 1
175 195 1
175 182 1
175 194 1
175 200 1
175 187 1
175 181 1
176 184 1
176 198 1
176 190 1
176 183 1
176 200 1
176 185 1
177 190 1
177 193 1
177 198 1
177 196 1
177 188 1
177 183 1
178 194 1
178 199 1
178 191 1
178 195 1
178 186 1
178 196 1
178 179 1
178 193 1
179 191 1
179 187 1
179 184 1
180 193 1
180 186 1
180 195 1
180 188 1
180 191 1
180 189 1
181 199 1
181 185 1
181 184 1
181 182 1
182 199 1
182 190 1
182 185 1
183 189 1
183 199 1
184 198 1
184 200 1
184 195 1
184 191 1
184 199 1
185 196 1
185 188 1
185 186 1
186 191 1
186 193 1
186 192 1
187 193 1
187 200 1
187 199 1
187 198 1
187 188 1
187 197 1
188 196 1
188 194 1
188 200 1
189 193 1
189 196 1
189 195 1
190 199 1
191 194 1
191 196 1
191 195 1
191 199 1
192 193 1
192 197 1
192 198 1
192 196 1
193 196 1
193 199 1
193 194 1
194 200 1
194 196 1
195 199 1
195 200 1
196 197 1
196 200 1
197 200 1
199 200 1
