200 7960 
1 97 1
1 144 1
1 153 1
1 130 1
1 163 1
1 5 1
1 174 1
1 18 1
1 135 1
1 157 1
1 39 1
1 61 1
1 113 1
1 75 1
1 198 1
1 34 1
1 193 1
1 50 1
1 160 1
1 117 1
1 60 1
1 178 1
1 45 1
1 93 1
1 158 1
1 129 1
1 59 1
1 36 1
1 91 1
1 37 1
1 120 1
1 138 1
1 38 1
1 65 1
1 107 1
1 185 1
1 44 1
1 111 1
1 151 1
1 84 1
1 16 1
1 7 1
1 102 1
1 32 1
1 29 1
1 177 1
1 66 1
1 68 1
1 19 1
1 26 1
1 47 1
1 167 1
1 164 1
1 190 1
1 70 1
1 35 1
1 137 1
1 187 1
1 176 1
1 162 1
1 27 1
1 31 1
1 199 1
1 184 1
1 83 1
1 159 1
1 134 1
1 54 1
1 43 1
1 9 1
1 161 1
1 96 1
1 24 1
1 62 1
1 74 1
1 148 1
1 23 1
1 80 1
2 163 1
2 19 1
2 68 1
2 20 1
2 56 1
2 193 1
2 154 1
2 50 1
2 66 1
2 165 1
2 148 1
2 26 1
2 37 1
2 102 1
2 185 1
2 170 1
2 99 1
2 173 1
2 34 1
2 145 1
2 178 1
2 195 1
2 30 1
2 188 1
2 119 1
2 31 1
2 166 1
2 167 1
2 174 1
2 110 1
2 160 1
2 150 1
2 190 1
2 142 1
2 198 1
2 12 1
2 25 1
2 152 1
2 181 1
2 179 1
2 103 1
2 89 1
2 91 1
2 39 1
2 147 1
2 77 1
2 125 1
2 65 1
2 72 1
2 157 1
2 22 1
2 32 1
2 112 1
2 18 1
2 197 1
2 111 1
2 177 1
2 27 1
2 61 1
2 126 1
2 76 1
2 70 1
2 92 1
2 135 1
2 64 1
2 120 1
2 73 1
2 105 1
2 82 1
2 171 1
2 146 1
2 97 1
2 141 1
2 55 1
2 118 1
2 104 1
2 43 1
2 155 1
2 187 1
2 33 1
2 124 1
2 84 1
2 52 1
2 85 1
2 67 1
2 129 1
2 140 1
3 82 1
3 150 1
3 70 1
3 64 1
3 158 1
3 199 1
3 31 1
3 155 1
3 87 1
3 165 1
3 125 1
3 143 1
3 18 1
3 67 1
3 169 1
3 35 1
3 4 1
3 65 1
3 77 1
3 48 1
3 34 1
3 151 1
3 32 1
3 175 1
3 196 1
3 40 1
3 170 1
3 116 1
3 46 1
3 198 1
3 25 1
3 41 1
3 21 1
3 69 1
3 78 1
3 39 1
3 58 1
3 6 1
3 61 1
3 9 1
3 111 1
3 189 1
3 27 1
3 80 1
3 184 1
3 104 1
3 33 1
3 186 1
3 124 1
3 13 1
3 94 1
3 190 1
3 133 1
3 176 1
3 81 1
3 96 1
3 197 1
3 76 1
3 79 1
3 57 1
3 92 1
3 44 1
3 177 1
3 83 1
3 120 1
3 110 1
3 194 1
3 118 1
3 14 1
3 105 1
3 89 1
3 49 1
3 12 1
4 57 1
4 153 1
4 179 1
4 22 1
4 143 1
4 26 1
4 121 1
4 13 1
4 11 1
4 88 1
4 39 1
4 131 1
4 139 1
4 170 1
4 51 1
4 60 1
4 186 1
4 101 1
4 19 1
4 111 1
4 102 1
4 122 1
4 124 1
4 200 1
4 118 1
4 52 1
4 42 1
4 196 1
4 163 1
4 123 1
4 125 1
4 110 1
4 165 1
4 108 1
4 158 1
4 15 1
4 82 1
4 28 1
4 85 1
4 56 1
4 164 1
4 141 1
4 174 1
4 40 1
4 113 1
4 79 1
4 135 1
4 91 1
4 199 1
4 188 1
4 66 1
4 99 1
4 176 1
4 17 1
4 67 1
4 31 1
4 23 1
4 129 1
4 36 1
4 63 1
4 46 1
4 103 1
4 177 1
4 8 1
4 116 1
4 100 1
4 16 1
4 80 1
4 98 1
4 92 1
4 37 1
4 132 1
4 146 1
5 65 1
5 185 1
5 92 1
5 195 1
5 7 1
5 135 1
5 54 1
5 60 1
5 34 1
5 51 1
5 32 1
5 15 1
5 158 1
5 30 1
5 123 1
5 63 1
5 107 1
5 55 1
5 151 1
5 120 1
5 132 1
5 41 1
5 24 1
5 52 1
5 105 1
5 6 1
5 197 1
5 136 1
5 35 1
5 83 1
5 138 1
5 38 1
5 79 1
5 176 1
5 160 1
5 73 1
5 154 1
5 112 1
5 155 1
5 57 1
5 47 1
5 9 1
5 10 1
5 103 1
5 118 1
5 199 1
5 101 1
5 164 1
5 184 1
5 49 1
5 173 1
5 140 1
5 175 1
5 116 1
5 98 1
5 66 1
5 119 1
5 68 1
5 113 1
5 25 1
5 53 1
5 139 1
5 131 1
5 177 1
5 18 1
5 148 1
5 172 1
5 200 1
5 48 1
5 114 1
5 192 1
5 167 1
5 171 1
5 82 1
5 111 1
6 182 1
6 164 1
6 152 1
6 185 1
6 46 1
6 89 1
6 153 1
6 170 1
6 22 1
6 123 1
6 41 1
6 85 1
6 65 1
6 58 1
6 50 1
6 158 1
6 128 1
6 52 1
6 70 1
6 166 1
6 71 1
6 151 1
6 18 1
6 61 1
6 9 1
6 78 1
6 96 1
6 165 1
6 54 1
6 104 1
6 35 1
6 60 1
6 169 1
6 190 1
6 116 1
6 118 1
6 195 1
6 112 1
6 8 1
6 177 1
6 69 1
6 59 1
6 95 1
6 36 1
6 145 1
6 200 1
6 14 1
6 102 1
6 199 1
6 111 1
6 73 1
6 146 1
6 160 1
6 174 1
6 72 1
6 157 1
6 91 1
6 80 1
6 98 1
6 156 1
6 45 1
6 183 1
6 119 1
6 20 1
6 180 1
6 34 1
6 81 1
6 83 1
6 56 1
6 87 1
7 79 1
7 180 1
7 156 1
7 100 1
7 107 1
7 23 1
7 102 1
7 64 1
7 69 1
7 116 1
7 12 1
7 191 1
7 167 1
7 48 1
7 133 1
7 59 1
7 95 1
7 131 1
7 153 1
7 88 1
7 126 1
7 24 1
7 174 1
7 35 1
7 187 1
7 39 1
7 179 1
7 140 1
7 21 1
7 176 1
7 144 1
7 173 1
7 178 1
7 190 1
7 108 1
7 31 1
7 195 1
7 77 1
7 128 1
7 164 1
7 177 1
7 196 1
7 84 1
7 36 1
7 159 1
7 152 1
7 65 1
7 115 1
7 161 1
7 165 1
7 149 1
7 181 1
7 44 1
7 30 1
7 93 1
7 33 1
7 51 1
7 138 1
7 185 1
7 41 1
7 45 1
7 74 1
7 157 1
7 94 1
7 62 1
7 139 1
7 193 1
7 38 1
7 9 1
7 137 1
7 73 1
7 129 1
8 159 1
8 172 1
8 60 1
8 88 1
8 73 1
8 59 1
8 135 1
8 166 1
8 167 1
8 117 1
8 74 1
8 53 1
8 64 1
8 9 1
8 48 1
8 40 1
8 66 1
8 161 1
8 168 1
8 72 1
8 62 1
8 28 1
8 183 1
8 37 1
8 139 1
8 125 1
8 164 1
8 163 1
8 15 1
8 70 1
8 122 1
8 197 1
8 80 1
8 43 1
8 190 1
8 20 1
8 21 1
8 55 1
8 33 1
8 12 1
8 154 1
8 85 1
8 189 1
8 57 1
8 31 1
8 102 1
8 155 1
8 113 1
8 191 1
8 136 1
8 98 1
8 24 1
8 100 1
8 124 1
8 78 1
8 56 1
8 115 1
8 52 1
8 63 1
8 152 1
8 67 1
8 108 1
8 194 1
8 10 1
8 195 1
8 39 1
8 175 1
8 110 1
8 184 1
8 13 1
8 134 1
8 34 1
9 79 1
9 97 1
9 78 1
9 128 1
9 83 1
9 138 1
9 56 1
9 107 1
9 121 1
9 113 1
9 182 1
9 69 1
9 185 1
9 77 1
9 48 1
9 108 1
9 147 1
9 118 1
9 22 1
9 58 1
9 20 1
9 23 1
9 55 1
9 193 1
9 194 1
9 62 1
9 42 1
9 11 1
9 192 1
9 162 1
9 195 1
9 103 1
9 120 1
9 98 1
9 131 1
9 81 1
9 116 1
9 109 1
9 153 1
9 54 1
9 53 1
9 66 1
9 100 1
9 179 1
9 166 1
9 88 1
9 36 1
9 96 1
9 152 1
9 10 1
9 29 1
9 196 1
9 86 1
9 140 1
9 90 1
9 27 1
9 115 1
9 74 1
9 84 1
9 158 1
9 41 1
9 111 1
9 52 1
9 61 1
9 33 1
9 145 1
9 177 1
9 168 1
9 19 1
9 67 1
9 105 1
9 31 1
9 15 1
9 119 1
9 59 1
9 93 1
9 172 1
9 167 1
9 180 1
9 170 1
9 188 1
9 21 1
9 134 1
9 106 1
9 68 1
9 30 1
9 46 1
9 114 1
9 190 1
10 116 1
10 144 1
10 135 1
10 30 1
10 86 1
10 188 1
10 163 1
10 108 1
10 172 1
10 106 1
10 77 1
10 121 1
10 69 1
10 32 1
10 17 1
10 187 1
10 57 1
10 84 1
10 99 1
10 87 1
10 85 1
10 19 1
10 170 1
10 61 1
10 196 1
10 112 1
10 54 1
10 101 1
10 67 1
10 35 1
10 117 1
10 199 1
10 142 1
10 37 1
10 127 1
10 179 1
10 93 1
10 18 1
10 160 1
10 168 1
10 190 1
10 78 1
10 70 1
10 63 1
10 20 1
10 154 1
10 155 1
10 132 1
10 191 1
10 21 1
10 28 1
10 182 1
10 130 1
10 26 1
10 66 1
10 58 1
10 12 1
10 177 1
10 65 1
10 192 1
10 133 1
10 105 1
10 48 1
10 44 1
10 27 1
10 13 1
10 151 1
10 195 1
10 134 1
10 120 1
10 114 1
10 131 1
10 107 1
10 110 1
10 138 1
10 40 1
10 181 1
10 68 1
10 183 1
10 139 1
10 95 1
10 75 1
10 16 1
11 187 1
11 113 1
11 50 1
11 179 1
11 145 1
11 150 1
11 64 1
11 100 1
11 169 1
11 47 1
11 48 1
11 89 1
11 157 1
11 104 1
11 25 1
11 174 1
11 56 1
11 128 1
11 165 1
11 138 1
11 23 1
11 197 1
11 26 1
11 161 1
11 79 1
11 146 1
11 199 1
11 166 1
11 122 1
11 185 1
11 44 1
11 162 1
11 71 1
11 62 1
11 147 1
11 127 1
11 126 1
11 173 1
11 139 1
11 143 1
11 118 1
11 31 1
11 54 1
11 101 1
11 80 1
11 160 1
11 95 1
11 192 1
11 34 1
11 12 1
11 103 1
11 156 1
11 180 1
11 77 1
11 154 1
11 189 1
11 133 1
11 88 1
11 84 1
11 69 1
11 200 1
11 110 1
11 66 1
11 16 1
11 53 1
11 172 1
11 158 1
11 46 1
11 21 1
11 152 1
11 74 1
11 181 1
11 125 1
11 27 1
11 124 1
12 126 1
12 94 1
12 55 1
12 142 1
12 97 1
12 60 1
12 131 1
12 30 1
12 61 1
12 50 1
12 103 1
12 186 1
12 194 1
12 109 1
12 168 1
12 81 1
12 199 1
12 120 1
12 127 1
12 107 1
12 111 1
12 76 1
12 57 1
12 21 1
12 176 1
12 18 1
12 163 1
12 96 1
12 63 1
12 37 1
12 169 1
12 20 1
12 188 1
12 187 1
12 77 1
12 179 1
12 42 1
12 49 1
12 173 1
12 121 1
12 164 1
12 26 1
12 22 1
12 141 1
12 153 1
12 178 1
12 113 1
12 147 1
12 72 1
12 146 1
12 95 1
12 152 1
12 172 1
12 128 1
12 93 1
12 148 1
12 62 1
12 39 1
12 98 1
12 13 1
12 32 1
12 44 1
12 166 1
12 83 1
12 82 1
12 160 1
12 70 1
12 64 1
12 51 1
12 90 1
12 158 1
12 149 1
12 65 1
12 135 1
12 155 1
12 112 1
12 36 1
12 16 1
12 71 1
12 190 1
12 154 1
12 156 1
12 104 1
12 174 1
12 73 1
12 119 1
12 54 1
12 137 1
12 88 1
13 73 1
13 32 1
13 187 1
13 15 1
13 41 1
13 34 1
13 191 1
13 194 1
13 127 1
13 137 1
13 72 1
13 79 1
13 14 1
13 69 1
13 24 1
13 133 1
13 62 1
13 27 1
13 186 1
13 50 1
13 155 1
13 172 1
13 121 1
13 102 1
13 31 1
13 161 1
13 113 1
13 84 1
13 125 1
13 120 1
13 147 1
13 112 1
13 189 1
13 139 1
13 94 1
13 21 1
13 28 1
13 159 1
13 88 1
13 132 1
13 35 1
13 110 1
13 116 1
13 44 1
13 92 1
13 71 1
13 82 1
13 16 1
13 52 1
13 140 1
13 185 1
13 144 1
13 48 1
13 36 1
13 22 1
13 61 1
13 128 1
13 75 1
13 90 1
13 74 1
13 20 1
13 173 1
13 19 1
13 54 1
13 108 1
13 86 1
13 103 1
13 126 1
13 89 1
13 46 1
13 150 1
13 109 1
13 138 1
13 99 1
13 177 1
13 124 1
13 81 1
13 182 1
13 53 1
13 37 1
13 180 1
13 115 1
13 183 1
13 152 1
13 83 1
13 43 1
13 111 1
14 137 1
14 174 1
14 34 1
14 112 1
14 110 1
14 164 1
14 49 1
14 183 1
14 170 1
14 172 1
14 60 1
14 108 1
14 190 1
14 92 1
14 91 1
14 27 1
14 98 1
14 168 1
14 153 1
14 76 1
14 33 1
14 185 1
14 120 1
14 54 1
14 127 1
14 62 1
14 188 1
14 37 1
14 101 1
14 161 1
14 18 1
14 181 1
14 39 1
14 90 1
14 19 1
14 131 1
14 145 1
14 111 1
14 149 1
14 135 1
14 21 1
14 24 1
14 169 1
14 57 1
14 25 1
14 122 1
14 159 1
14 65 1
14 100 1
14 128 1
14 69 1
14 83 1
14 109 1
14 50 1
14 141 1
14 28 1
14 45 1
14 71 1
14 78 1
14 84 1
14 58 1
14 148 1
14 158 1
14 97 1
14 105 1
14 124 1
14 114 1
14 93 1
14 118 1
14 113 1
14 52 1
14 44 1
15 98 1
15 133 1
15 73 1
15 60 1
15 26 1
15 38 1
15 140 1
15 16 1
15 44 1
15 90 1
15 24 1
15 175 1
15 186 1
15 105 1
15 197 1
15 158 1
15 46 1
15 107 1
15 131 1
15 176 1
15 181 1
15 34 1
15 114 1
15 162 1
15 145 1
15 123 1
15 33 1
15 93 1
15 125 1
15 142 1
15 83 1
15 49 1
15 109 1
15 164 1
15 58 1
15 127 1
15 199 1
15 23 1
15 27 1
15 35 1
15 66 1
15 100 1
15 47 1
15 94 1
15 169 1
15 52 1
15 82 1
15 117 1
15 48 1
15 32 1
15 134 1
15 185 1
15 129 1
15 172 1
15 74 1
15 171 1
15 19 1
15 156 1
15 144 1
15 161 1
15 115 1
15 120 1
15 68 1
15 88 1
15 65 1
15 174 1
15 17 1
15 96 1
15 118 1
15 78 1
15 167 1
15 111 1
15 193 1
15 182 1
15 119 1
16 198 1
16 181 1
16 63 1
16 39 1
16 42 1
16 25 1
16 142 1
16 162 1
16 111 1
16 91 1
16 69 1
16 28 1
16 108 1
16 135 1
16 80 1
16 41 1
16 121 1
16 30 1
16 99 1
16 31 1
16 109 1
16 34 1
16 185 1
16 148 1
16 194 1
16 196 1
16 164 1
16 158 1
16 156 1
16 110 1
16 126 1
16 60 1
16 199 1
16 193 1
16 177 1
16 191 1
16 71 1
16 182 1
16 155 1
16 98 1
16 35 1
16 123 1
16 103 1
16 128 1
16 174 1
16 192 1
16 83 1
16 27 1
16 90 1
16 92 1
16 106 1
16 115 1
16 20 1
16 166 1
16 81 1
16 137 1
16 129 1
16 79 1
16 52 1
16 112 1
16 134 1
16 119 1
16 97 1
16 44 1
16 176 1
16 183 1
16 17 1
16 76 1
16 172 1
16 120 1
16 56 1
16 117 1
16 186 1
16 86 1
16 64 1
16 68 1
16 53 1
16 127 1
17 126 1
17 194 1
17 119 1
17 125 1
17 49 1
17 162 1
17 163 1
17 146 1
17 198 1
17 108 1
17 96 1
17 187 1
17 135 1
17 45 1
17 143 1
17 145 1
17 36 1
17 61 1
17 124 1
17 97 1
17 173 1
17 144 1
17 196 1
17 174 1
17 77 1
17 21 1
17 38 1
17 71 1
17 107 1
17 140 1
17 175 1
17 121 1
17 184 1
17 190 1
17 114 1
17 149 1
17 141 1
17 29 1
17 179 1
17 87 1
17 101 1
17 57 1
17 59 1
17 43 1
17 22 1
17 136 1
17 153 1
17 95 1
17 176 1
17 86 1
17 134 1
17 150 1
17 168 1
17 39 1
17 180 1
17 183 1
17 131 1
17 151 1
17 102 1
17 113 1
17 177 1
17 76 1
17 116 1
17 93 1
17 66 1
17 154 1
17 58 1
17 165 1
17 26 1
17 182 1
17 185 1
17 56 1
17 111 1
17 51 1
17 170 1
17 129 1
17 133 1
17 28 1
18 74 1
18 194 1
18 60 1
18 119 1
18 42 1
18 121 1
18 47 1
18 81 1
18 66 1
18 96 1
18 181 1
18 136 1
18 89 1
18 187 1
18 114 1
18 90 1
18 186 1
18 31 1
18 162 1
18 177 1
18 151 1
18 148 1
18 32 1
18 20 1
18 185 1
18 59 1
18 171 1
18 97 1
18 64 1
18 99 1
18 129 1
18 70 1
18 127 1
18 22 1
18 166 1
18 170 1
18 33 1
18 94 1
18 80 1
18 134 1
18 35 1
18 198 1
18 175 1
18 95 1
18 44 1
18 130 1
18 39 1
18 158 1
18 122 1
18 155 1
18 172 1
18 200 1
18 192 1
18 23 1
18 196 1
18 183 1
18 167 1
18 88 1
18 53 1
18 115 1
18 143 1
18 77 1
18 146 1
18 102 1
18 108 1
18 85 1
18 135 1
18 43 1
18 50 1
18 145 1
18 116 1
18 164 1
18 57 1
18 73 1
18 40 1
18 191 1
18 105 1
18 111 1
18 193 1
19 154 1
19 30 1
19 88 1
19 182 1
19 123 1
19 171 1
19 175 1
19 75 1
19 133 1
19 48 1
19 23 1
19 156 1
19 131 1
19 118 1
19 35 1
19 116 1
19 69 1
19 93 1
19 111 1
19 122 1
19 160 1
19 193 1
19 55 1
19 161 1
19 61 1
19 54 1
19 155 1
19 190 1
19 34 1
19 101 1
19 107 1
19 138 1
19 152 1
19 166 1
19 183 1
19 79 1
19 47 1
19 179 1
19 82 1
19 112 1
19 99 1
19 63 1
19 25 1
19 68 1
19 60 1
19 59 1
19 106 1
19 172 1
19 20 1
19 38 1
19 56 1
19 40 1
19 142 1
19 136 1
19 94 1
19 42 1
19 157 1
19 62 1
19 26 1
19 80 1
19 176 1
19 45 1
19 146 1
19 37 1
19 24 1
19 96 1
19 113 1
19 132 1
19 159 1
19 32 1
20 106 1
20 69 1
20 124 1
20 155 1
20 48 1
20 71 1
20 81 1
20 49 1
20 151 1
20 102 1
20 75 1
20 163 1
20 58 1
20 150 1
20 55 1
20 63 1
20 82 1
20 147 1
20 84 1
20 37 1
20 111 1
20 149 1
20 70 1
20 56 1
20 189 1
20 38 1
20 65 1
20 61 1
20 22 1
20 27 1
20 74 1
20 187 1
20 169 1
20 108 1
20 100 1
20 141 1
20 131 1
20 39 1
20 200 1
20 43 1
20 57 1
20 73 1
20 24 1
20 47 1
20 170 1
20 46 1
20 89 1
20 91 1
20 198 1
20 33 1
20 119 1
20 191 1
20 41 1
20 110 1
20 172 1
20 54 1
20 99 1
20 126 1
20 162 1
20 175 1
20 66 1
20 190 1
20 146 1
20 178 1
20 59 1
20 188 1
20 180 1
20 114 1
20 40 1
20 116 1
20 122 1
20 136 1
21 93 1
21 189 1
21 119 1
21 113 1
21 27 1
21 108 1
21 34 1
21 32 1
21 67 1
21 79 1
21 172 1
21 73 1
21 198 1
21 192 1
21 53 1
21 60 1
21 39 1
21 165 1
21 154 1
21 179 1
21 182 1
21 152 1
21 81 1
21 96 1
21 197 1
21 160 1
21 42 1
21 124 1
21 163 1
21 65 1
21 66 1
21 30 1
21 191 1
21 196 1
21 146 1
21 115 1
21 145 1
21 140 1
21 110 1
21 150 1
21 151 1
21 125 1
21 95 1
21 156 1
21 88 1
21 64 1
21 155 1
21 25 1
21 70 1
21 111 1
21 133 1
21 193 1
21 52 1
21 49 1
21 149 1
21 37 1
21 185 1
21 28 1
21 188 1
21 171 1
21 50 1
21 90 1
21 58 1
21 170 1
21 103 1
21 136 1
21 142 1
21 63 1
21 105 1
21 59 1
21 102 1
21 166 1
21 31 1
21 89 1
21 180 1
21 178 1
21 116 1
21 126 1
21 120 1
21 82 1
21 195 1
22 118 1
22 95 1
22 194 1
22 113 1
22 86 1
22 58 1
22 81 1
22 78 1
22 137 1
22 31 1
22 154 1
22 39 1
22 123 1
22 99 1
22 119 1
22 106 1
22 72 1
22 59 1
22 134 1
22 174 1
22 40 1
22 170 1
22 67 1
22 176 1
22 168 1
22 98 1
22 147 1
22 66 1
22 85 1
22 189 1
22 46 1
22 117 1
22 132 1
22 181 1
22 84 1
22 196 1
22 107 1
22 79 1
22 48 1
22 90 1
22 74 1
22 45 1
22 128 1
22 197 1
22 65 1
22 114 1
22 77 1
22 24 1
22 62 1
22 115 1
22 192 1
22 23 1
22 145 1
22 126 1
22 102 1
22 199 1
22 143 1
22 121 1
22 61 1
22 172 1
22 195 1
22 91 1
22 56 1
22 184 1
22 41 1
22 55 1
22 127 1
22 105 1
22 92 1
22 44 1
22 148 1
23 93 1
23 28 1
23 68 1
23 43 1
23 145 1
23 85 1
23 64 1
23 102 1
23 196 1
23 97 1
23 187 1
23 82 1
23 126 1
23 194 1
23 99 1
23 91 1
23 65 1
23 170 1
23 186 1
23 116 1
23 109 1
23 31 1
23 51 1
23 34 1
23 188 1
23 171 1
23 103 1
23 154 1
23 195 1
23 71 1
23 147 1
23 101 1
23 55 1
23 155 1
23 175 1
23 174 1
23 62 1
23 77 1
23 144 1
23 149 1
23 159 1
23 60 1
23 198 1
23 121 1
23 37 1
23 178 1
23 113 1
23 105 1
23 199 1
23 115 1
23 127 1
23 182 1
23 107 1
23 164 1
23 148 1
23 110 1
23 48 1
23 53 1
23 29 1
23 156 1
23 87 1
23 184 1
23 137 1
23 42 1
23 161 1
23 59 1
23 41 1
23 185 1
23 153 1
23 157 1
23 72 1
23 24 1
23 27 1
23 173 1
23 158 1
23 76 1
24 68 1
24 157 1
24 51 1
24 116 1
24 77 1
24 55 1
24 110 1
24 43 1
24 119 1
24 165 1
24 93 1
24 125 1
24 53 1
24 158 1
24 66 1
24 42 1
24 31 1
24 30 1
24 131 1
24 102 1
24 138 1
24 166 1
24 98 1
24 115 1
24 60 1
24 75 1
24 152 1
24 136 1
24 94 1
24 90 1
24 197 1
24 172 1
24 151 1
24 159 1
24 176 1
24 89 1
24 36 1
24 168 1
24 111 1
24 130 1
24 85 1
24 109 1
24 199 1
24 145 1
24 103 1
24 184 1
24 72 1
24 41 1
24 82 1
24 76 1
24 147 1
24 171 1
24 179 1
24 182 1
24 113 1
24 177 1
24 192 1
24 129 1
24 186 1
24 175 1
24 78 1
24 118 1
24 35 1
24 187 1
24 117 1
24 122 1
24 121 1
24 88 1
24 169 1
25 28 1
25 120 1
25 106 1
25 107 1
25 53 1
25 170 1
25 117 1
25 70 1
25 156 1
25 73 1
25 131 1
25 132 1
25 82 1
25 169 1
25 134 1
25 157 1
25 200 1
25 86 1
25 67 1
25 176 1
25 119 1
25 79 1
25 189 1
25 44 1
25 55 1
25 41 1
25 171 1
25 167 1
25 198 1
25 111 1
25 194 1
25 144 1
25 163 1
25 45 1
25 196 1
25 81 1
25 97 1
25 158 1
25 192 1
25 37 1
25 149 1
25 98 1
25 36 1
25 152 1
25 33 1
25 182 1
25 84 1
25 57 1
25 193 1
25 50 1
25 72 1
25 109 1
25 93 1
25 195 1
25 77 1
25 99 1
25 122 1
25 160 1
25 177 1
25 49 1
25 35 1
25 140 1
25 172 1
25 162 1
25 87 1
25 34 1
25 66 1
25 197 1
25 116 1
25 186 1
25 174 1
25 145 1
25 153 1
25 54 1
25 95 1
25 78 1
25 125 1
26 71 1
26 60 1
26 197 1
26 171 1
26 87 1
26 42 1
26 151 1
26 52 1
26 146 1
26 29 1
26 155 1
26 70 1
26 101 1
26 76 1
26 160 1
26 185 1
26 65 1
26 110 1
26 92 1
26 117 1
26 149 1
26 124 1
26 135 1
26 67 1
26 195 1
26 164 1
26 31 1
26 85 1
26 156 1
26 187 1
26 153 1
26 162 1
26 45 1
26 120 1
26 199 1
26 55 1
26 188 1
26 184 1
26 158 1
26 50 1
26 119 1
26 34 1
26 180 1
26 125 1
26 53 1
26 140 1
26 172 1
26 36 1
26 126 1
26 111 1
26 109 1
26 30 1
26 72 1
26 200 1
26 161 1
26 32 1
26 115 1
26 127 1
26 97 1
26 108 1
26 56 1
26 198 1
26 75 1
26 94 1
26 132 1
26 136 1
26 191 1
26 64 1
26 88 1
26 113 1
26 104 1
26 40 1
26 95 1
26 181 1
26 112 1
27 109 1
27 146 1
27 55 1
27 40 1
27 115 1
27 116 1
27 142 1
27 28 1
27 177 1
27 95 1
27 179 1
27 195 1
27 44 1
27 131 1
27 39 1
27 157 1
27 140 1
27 90 1
27 138 1
27 87 1
27 37 1
27 93 1
27 118 1
27 190 1
27 52 1
27 139 1
27 117 1
27 127 1
27 49 1
27 135 1
27 159 1
27 121 1
27 35 1
27 141 1
27 149 1
27 81 1
27 101 1
27 171 1
27 69 1
27 153 1
27 64 1
27 124 1
27 158 1
27 77 1
27 57 1
27 150 1
27 126 1
27 78 1
27 74 1
27 68 1
27 188 1
27 130 1
27 156 1
27 189 1
27 63 1
27 43 1
27 143 1
27 181 1
27 60 1
27 186 1
27 46 1
28 167 1
28 176 1
28 89 1
28 68 1
28 83 1
28 49 1
28 42 1
28 100 1
28 106 1
28 75 1
28 111 1
28 73 1
28 170 1
28 109 1
28 141 1
28 32 1
28 134 1
28 117 1
28 72 1
28 181 1
28 136 1
28 126 1
28 85 1
28 189 1
28 76 1
28 129 1
28 156 1
28 61 1
28 166 1
28 187 1
28 74 1
28 145 1
28 177 1
28 124 1
28 163 1
28 39 1
28 66 1
28 86 1
28 87 1
28 152 1
28 48 1
28 195 1
28 192 1
28 154 1
28 30 1
28 47 1
28 140 1
28 77 1
28 51 1
28 191 1
28 150 1
28 122 1
28 182 1
28 107 1
28 144 1
28 185 1
28 110 1
28 168 1
28 102 1
28 147 1
28 159 1
28 139 1
28 190 1
28 200 1
28 186 1
28 40 1
28 151 1
28 188 1
28 91 1
29 137 1
29 48 1
29 198 1
29 176 1
29 113 1
29 63 1
29 52 1
29 177 1
29 95 1
29 70 1
29 187 1
29 56 1
29 32 1
29 61 1
29 191 1
29 164 1
29 69 1
29 37 1
29 45 1
29 118 1
29 155 1
29 51 1
29 74 1
29 60 1
29 122 1
29 39 1
29 181 1
29 106 1
29 133 1
29 47 1
29 78 1
29 132 1
29 81 1
29 114 1
29 75 1
29 170 1
29 76 1
29 148 1
29 167 1
29 138 1
29 98 1
29 111 1
29 157 1
29 46 1
29 142 1
29 38 1
29 57 1
29 80 1
29 160 1
29 158 1
29 72 1
29 30 1
29 131 1
29 87 1
29 130 1
29 163 1
29 171 1
29 102 1
29 115 1
29 127 1
29 188 1
29 90 1
29 166 1
29 193 1
29 159 1
29 197 1
29 68 1
29 146 1
29 139 1
29 116 1
29 100 1
29 109 1
29 62 1
29 71 1
30 55 1
30 157 1
30 167 1
30 84 1
30 67 1
30 111 1
30 165 1
30 132 1
30 142 1
30 46 1
30 116 1
30 144 1
30 138 1
30 133 1
30 110 1
30 141 1
30 170 1
30 149 1
30 60 1
30 96 1
30 79 1
30 42 1
30 166 1
30 72 1
30 89 1
30 51 1
30 154 1
30 119 1
30 68 1
30 199 1
30 177 1
30 188 1
30 189 1
30 151 1
30 130 1
30 80 1
30 83 1
30 187 1
30 56 1
30 90 1
30 180 1
30 175 1
30 128 1
30 53 1
30 163 1
30 86 1
30 125 1
30 193 1
30 109 1
30 196 1
30 87 1
30 41 1
30 38 1
30 59 1
30 131 1
30 179 1
30 118 1
30 54 1
30 148 1
30 171 1
30 161 1
30 147 1
30 194 1
30 88 1
31 131 1
31 130 1
31 51 1
31 111 1
31 137 1
31 189 1
31 126 1
31 87 1
31 70 1
31 135 1
31 124 1
31 184 1
31 144 1
31 146 1
31 57 1
31 76 1
31 158 1
31 106 1
31 188 1
31 113 1
31 99 1
31 166 1
31 187 1
31 86 1
31 172 1
31 101 1
31 83 1
31 160 1
31 53 1
31 48 1
31 180 1
31 62 1
31 168 1
31 133 1
31 100 1
31 55 1
31 52 1
31 89 1
31 108 1
31 138 1
31 127 1
31 183 1
31 61 1
31 194 1
31 95 1
31 121 1
31 134 1
31 63 1
31 46 1
31 182 1
31 185 1
31 159 1
31 155 1
31 79 1
31 80 1
31 104 1
31 110 1
31 115 1
31 47 1
31 125 1
31 105 1
31 128 1
31 39 1
31 191 1
31 150 1
31 165 1
31 71 1
32 150 1
32 141 1
32 189 1
32 40 1
32 117 1
32 60 1
32 73 1
32 44 1
32 199 1
32 132 1
32 195 1
32 142 1
32 90 1
32 133 1
32 134 1
32 116 1
32 154 1
32 88 1
32 38 1
32 113 1
32 190 1
32 160 1
32 174 1
32 76 1
32 124 1
32 114 1
32 55 1
32 74 1
32 50 1
32 65 1
32 137 1
32 95 1
32 47 1
32 70 1
32 99 1
32 101 1
32 161 1
32 58 1
32 83 1
32 102 1
32 42 1
32 191 1
32 105 1
32 176 1
32 81 1
32 139 1
32 158 1
32 98 1
32 194 1
32 115 1
32 188 1
32 41 1
32 145 1
32 127 1
32 128 1
32 45 1
32 178 1
32 165 1
32 120 1
32 168 1
32 179 1
32 89 1
32 79 1
32 52 1
32 131 1
32 37 1
32 93 1
32 166 1
32 48 1
32 182 1
32 33 1
32 36 1
32 186 1
32 180 1
32 170 1
32 149 1
32 152 1
32 53 1
33 163 1
33 121 1
33 100 1
33 166 1
33 78 1
33 185 1
33 164 1
33 200 1
33 192 1
33 53 1
33 41 1
33 190 1
33 170 1
33 114 1
33 136 1
33 148 1
33 94 1
33 195 1
33 119 1
33 147 1
33 146 1
33 52 1
33 142 1
33 86 1
33 178 1
33 117 1
33 102 1
33 72 1
33 73 1
33 196 1
33 71 1
33 171 1
33 58 1
33 187 1
33 162 1
33 56 1
33 87 1
33 149 1
33 75 1
33 160 1
33 74 1
33 128 1
33 127 1
33 186 1
33 38 1
33 154 1
33 76 1
33 169 1
33 43 1
33 37 1
33 133 1
33 59 1
33 90 1
33 50 1
33 109 1
33 36 1
33 96 1
34 40 1
34 72 1
34 142 1
34 168 1
34 42 1
34 157 1
34 163 1
34 118 1
34 108 1
34 143 1
34 91 1
34 43 1
34 117 1
34 197 1
34 133 1
34 74 1
34 83 1
34 60 1
34 114 1
34 187 1
34 67 1
34 158 1
34 166 1
34 184 1
34 138 1
34 81 1
34 86 1
34 129 1
34 180 1
34 53 1
34 82 1
34 45 1
34 192 1
34 50 1
34 55 1
34 162 1
34 126 1
34 105 1
34 171 1
34 69 1
34 96 1
34 140 1
34 78 1
34 80 1
34 73 1
34 165 1
34 123 1
34 46 1
34 38 1
34 85 1
34 89 1
34 62 1
34 110 1
34 125 1
34 198 1
34 151 1
34 93 1
34 119 1
34 182 1
34 174 1
34 189 1
35 98 1
35 188 1
35 157 1
35 53 1
35 115 1
35 143 1
35 181 1
35 52 1
35 119 1
35 192 1
35 189 1
35 72 1
35 81 1
35 42 1
35 173 1
35 156 1
35 71 1
35 130 1
35 89 1
35 180 1
35 185 1
35 168 1
35 78 1
35 152 1
35 69 1
35 155 1
35 172 1
35 193 1
35 93 1
35 164 1
35 108 1
35 125 1
35 174 1
35 182 1
35 50 1
35 48 1
35 167 1
35 38 1
35 158 1
35 95 1
35 138 1
35 190 1
35 105 1
35 195 1
35 94 1
35 163 1
35 122 1
35 67 1
35 54 1
35 73 1
35 85 1
35 178 1
35 70 1
35 161 1
35 169 1
35 120 1
35 99 1
35 82 1
35 63 1
35 184 1
35 77 1
35 91 1
35 43 1
36 105 1
36 153 1
36 147 1
36 85 1
36 192 1
36 179 1
36 170 1
36 160 1
36 134 1
36 125 1
36 115 1
36 133 1
36 93 1
36 169 1
36 76 1
36 39 1
36 66 1
36 60 1
36 108 1
36 96 1
36 42 1
36 138 1
36 88 1
36 172 1
36 188 1
36 65 1
36 118 1
36 158 1
36 68 1
36 193 1
36 136 1
36 142 1
36 196 1
36 177 1
36 95 1
36 80 1
36 141 1
36 82 1
36 44 1
36 116 1
36 103 1
36 164 1
36 38 1
36 130 1
36 167 1
36 57 1
36 176 1
36 166 1
36 74 1
36 178 1
36 94 1
36 56 1
36 131 1
36 91 1
36 191 1
37 188 1
37 120 1
37 195 1
37 51 1
37 41 1
37 109 1
37 185 1
37 174 1
37 166 1
37 63 1
37 118 1
37 92 1
37 68 1
37 107 1
37 121 1
37 136 1
37 162 1
37 131 1
37 141 1
37 175 1
37 98 1
37 168 1
37 140 1
37 43 1
37 165 1
37 88 1
37 76 1
37 117 1
37 108 1
37 113 1
37 38 1
37 196 1
37 167 1
37 94 1
37 42 1
37 173 1
37 49 1
37 132 1
37 102 1
37 70 1
37 183 1
37 143 1
37 48 1
37 199 1
37 197 1
37 99 1
37 190 1
37 150 1
37 66 1
37 189 1
37 156 1
37 112 1
37 75 1
37 77 1
37 149 1
37 194 1
37 177 1
37 103 1
37 96 1
37 86 1
37 114 1
37 171 1
37 67 1
37 135 1
37 54 1
37 176 1
37 104 1
37 200 1
37 87 1
37 119 1
37 116 1
37 64 1
37 82 1
37 105 1
37 172 1
37 73 1
37 60 1
38 181 1
38 130 1
38 136 1
38 190 1
38 192 1
38 93 1
38 69 1
38 123 1
38 105 1
38 157 1
38 110 1
38 74 1
38 89 1
38 161 1
38 94 1
38 121 1
38 109 1
38 45 1
38 147 1
38 165 1
38 56 1
38 171 1
38 66 1
38 137 1
38 163 1
38 167 1
38 125 1
38 60 1
38 58 1
38 156 1
38 158 1
38 44 1
38 134 1
38 146 1
38 112 1
38 189 1
38 70 1
38 164 1
38 81 1
38 139 1
38 113 1
38 96 1
38 106 1
38 132 1
38 187 1
38 198 1
38 143 1
38 126 1
38 145 1
38 152 1
38 150 1
38 50 1
38 193 1
38 42 1
38 127 1
38 108 1
38 91 1
38 55 1
38 154 1
38 59 1
38 197 1
38 76 1
38 114 1
38 83 1
38 51 1
38 182 1
38 104 1
38 79 1
38 170 1
38 196 1
38 61 1
38 133 1
38 98 1
39 50 1
39 112 1
39 121 1
39 199 1
39 170 1
39 84 1
39 200 1
39 92 1
39 155 1
39 41 1
39 157 1
39 178 1
39 94 1
39 73 1
39 46 1
39 103 1
39 173 1
39 163 1
39 164 1
39 97 1
39 193 1
39 86 1
39 43 1
39 125 1
39 68 1
39 72 1
39 81 1
39 83 1
39 166 1
39 181 1
39 99 1
39 180 1
39 183 1
39 109 1
39 177 1
39 108 1
39 171 1
39 51 1
39 90 1
39 62 1
39 101 1
39 105 1
39 67 1
39 152 1
39 93 1
39 76 1
39 172 1
39 40 1
39 190 1
39 60 1
39 195 1
39 87 1
39 167 1
39 158 1
39 45 1
39 159 1
39 147 1
39 116 1
39 85 1
39 175 1
39 161 1
40 56 1
40 189 1
40 183 1
40 54 1
40 53 1
40 167 1
40 105 1
40 64 1
40 102 1
40 98 1
40 132 1
40 63 1
40 184 1
40 110 1
40 47 1
40 196 1
40 61 1
40 128 1
40 199 1
40 193 1
40 103 1
40 80 1
40 150 1
40 79 1
40 114 1
40 178 1
40 91 1
40 60 1
40 67 1
40 154 1
40 45 1
40 200 1
40 185 1
40 147 1
40 52 1
40 108 1
40 148 1
40 124 1
40 168 1
40 92 1
40 135 1
40 175 1
40 181 1
40 75 1
40 165 1
40 93 1
40 125 1
40 140 1
40 145 1
40 42 1
40 119 1
40 129 1
40 118 1
40 58 1
40 197 1
40 117 1
40 115 1
40 62 1
40 77 1
40 169 1
40 143 1
40 87 1
40 171 1
40 155 1
40 192 1
41 165 1
41 119 1
41 104 1
41 129 1
41 112 1
41 197 1
41 200 1
41 46 1
41 178 1
41 170 1
41 42 1
41 151 1
41 114 1
41 120 1
41 121 1
41 155 1
41 150 1
41 54 1
41 141 1
41 167 1
41 108 1
41 127 1
41 79 1
41 123 1
41 59 1
41 168 1
41 101 1
41 51 1
41 139 1
41 67 1
41 198 1
41 45 1
41 126 1
41 52 1
41 109 1
41 96 1
41 62 1
41 87 1
41 185 1
41 187 1
41 88 1
41 135 1
41 169 1
41 137 1
41 86 1
41 95 1
41 111 1
41 77 1
41 188 1
41 100 1
41 53 1
41 174 1
41 90 1
41 193 1
41 166 1
41 148 1
41 82 1
41 157 1
41 76 1
41 71 1
41 56 1
42 96 1
42 171 1
42 53 1
42 199 1
42 126 1
42 66 1
42 166 1
42 173 1
42 197 1
42 120 1
42 135 1
42 170 1
42 150 1
42 116 1
42 163 1
42 122 1
42 168 1
42 81 1
42 128 1
42 177 1
42 67 1
42 95 1
42 71 1
42 189 1
42 159 1
42 165 1
42 106 1
42 115 1
42 55 1
42 91 1
42 112 1
42 141 1
42 86 1
42 52 1
42 87 1
42 78 1
42 45 1
42 57 1
42 140 1
42 134 1
42 176 1
42 153 1
42 145 1
42 160 1
42 100 1
42 85 1
42 111 1
42 107 1
42 114 1
42 185 1
42 83 1
42 61 1
42 179 1
42 127 1
42 46 1
42 76 1
42 175 1
42 70 1
42 108 1
42 178 1
42 43 1
42 195 1
42 183 1
42 147 1
42 132 1
42 191 1
42 146 1
43 158 1
43 112 1
43 109 1
43 159 1
43 178 1
43 61 1
43 79 1
43 150 1
43 130 1
43 90 1
43 176 1
43 60 1
43 69 1
43 48 1
43 108 1
43 183 1
43 85 1
43 185 1
43 117 1
43 114 1
43 163 1
43 188 1
43 135 1
43 151 1
43 100 1
43 154 1
43 199 1
43 99 1
43 131 1
43 65 1
43 93 1
43 91 1
43 70 1
43 63 1
43 186 1
43 120 1
43 148 1
43 116 1
43 133 1
43 101 1
43 129 1
43 111 1
43 86 1
43 98 1
43 175 1
43 107 1
43 142 1
43 64 1
43 52 1
43 67 1
43 126 1
43 192 1
43 56 1
43 153 1
43 58 1
43 167 1
43 160 1
43 124 1
43 182 1
43 121 1
43 196 1
43 143 1
43 161 1
43 179 1
44 99 1
44 62 1
44 69 1
44 82 1
44 107 1
44 65 1
44 54 1
44 149 1
44 108 1
44 81 1
44 120 1
44 113 1
44 94 1
44 151 1
44 91 1
44 110 1
44 140 1
44 46 1
44 77 1
44 147 1
44 137 1
44 131 1
44 87 1
44 67 1
44 188 1
44 162 1
44 152 1
44 90 1
44 109 1
44 129 1
44 97 1
44 133 1
44 58 1
44 95 1
44 101 1
44 141 1
44 104 1
44 160 1
44 177 1
44 182 1
44 190 1
44 126 1
44 75 1
44 174 1
44 169 1
44 185 1
44 186 1
44 161 1
44 195 1
44 68 1
44 154 1
44 168 1
44 159 1
44 163 1
44 49 1
44 71 1
44 86 1
44 105 1
44 142 1
44 76 1
44 191 1
44 103 1
44 125 1
44 45 1
44 64 1
44 72 1
44 175 1
44 156 1
44 139 1
44 193 1
44 138 1
44 180 1
44 135 1
45 187 1
45 189 1
45 124 1
45 146 1
45 156 1
45 158 1
45 154 1
45 111 1
45 185 1
45 67 1
45 118 1
45 90 1
45 123 1
45 47 1
45 53 1
45 94 1
45 165 1
45 129 1
45 88 1
45 148 1
45 168 1
45 59 1
45 78 1
45 103 1
45 143 1
45 160 1
45 136 1
45 183 1
45 82 1
45 105 1
45 61 1
45 68 1
45 121 1
45 126 1
45 50 1
45 132 1
45 73 1
45 164 1
45 54 1
45 95 1
45 137 1
45 109 1
45 114 1
45 79 1
45 86 1
45 200 1
45 149 1
45 173 1
45 175 1
45 112 1
45 147 1
45 106 1
45 195 1
45 194 1
45 130 1
45 171 1
45 104 1
45 150 1
45 96 1
45 198 1
46 78 1
46 71 1
46 200 1
46 74 1
46 121 1
46 67 1
46 164 1
46 156 1
46 90 1
46 160 1
46 183 1
46 149 1
46 112 1
46 88 1
46 65 1
46 113 1
46 101 1
46 141 1
46 152 1
46 107 1
46 95 1
46 114 1
46 172 1
46 159 1
46 184 1
46 148 1
46 178 1
46 66 1
46 199 1
46 198 1
46 169 1
46 47 1
46 51 1
46 99 1
46 115 1
46 139 1
46 123 1
46 80 1
46 186 1
46 52 1
46 94 1
46 118 1
46 171 1
46 120 1
46 150 1
46 196 1
46 153 1
46 165 1
46 188 1
46 190 1
46 87 1
46 163 1
46 180 1
46 122 1
46 174 1
46 181 1
46 72 1
46 93 1
46 147 1
46 146 1
46 92 1
46 134 1
46 69 1
46 138 1
46 187 1
46 60 1
46 55 1
46 61 1
46 168 1
46 162 1
46 77 1
46 173 1
46 130 1
47 104 1
47 194 1
47 174 1
47 66 1
47 156 1
47 97 1
47 128 1
47 113 1
47 99 1
47 85 1
47 116 1
47 117 1
47 163 1
47 172 1
47 88 1
47 185 1
47 96 1
47 51 1
47 119 1
47 82 1
47 176 1
47 53 1
47 158 1
47 92 1
47 150 1
47 54 1
47 73 1
47 109 1
47 90 1
47 52 1
47 108 1
47 93 1
47 106 1
47 120 1
47 76 1
47 157 1
47 189 1
47 121 1
47 59 1
47 77 1
47 123 1
47 155 1
47 56 1
47 187 1
47 169 1
47 171 1
47 87 1
47 79 1
48 68 1
48 186 1
48 162 1
48 120 1
48 160 1
48 171 1
48 193 1
48 187 1
48 113 1
48 134 1
48 90 1
48 136 1
48 185 1
48 167 1
48 191 1
48 70 1
48 116 1
48 119 1
48 176 1
48 106 1
48 102 1
48 88 1
48 118 1
48 75 1
48 53 1
48 57 1
48 115 1
48 138 1
48 152 1
48 150 1
48 143 1
48 91 1
48 105 1
48 112 1
48 125 1
48 77 1
48 65 1
48 114 1
48 144 1
48 99 1
48 165 1
48 74 1
48 132 1
48 62 1
48 179 1
48 58 1
48 96 1
48 85 1
48 50 1
48 82 1
48 189 1
48 135 1
48 63 1
48 69 1
48 188 1
48 66 1
48 148 1
48 108 1
48 100 1
48 182 1
48 156 1
49 68 1
49 148 1
49 124 1
49 197 1
49 116 1
49 119 1
49 96 1
49 186 1
49 131 1
49 200 1
49 140 1
49 162 1
49 51 1
49 54 1
49 63 1
49 166 1
49 184 1
49 153 1
49 132 1
49 83 1
49 105 1
49 199 1
49 189 1
49 164 1
49 109 1
49 167 1
49 67 1
49 180 1
49 151 1
49 194 1
49 84 1
49 106 1
49 152 1
49 126 1
49 88 1
49 73 1
49 181 1
49 149 1
49 160 1
49 177 1
49 66 1
49 173 1
49 72 1
49 112 1
49 65 1
49 172 1
49 95 1
49 146 1
49 78 1
49 99 1
49 75 1
49 60 1
49 70 1
49 155 1
49 85 1
49 79 1
49 58 1
50 66 1
50 52 1
50 92 1
50 99 1
50 61 1
50 94 1
50 87 1
50 103 1
50 157 1
50 95 1
50 129 1
50 78 1
50 169 1
50 118 1
50 56 1
50 88 1
50 67 1
50 82 1
50 188 1
50 136 1
50 176 1
50 177 1
50 57 1
50 68 1
50 172 1
50 134 1
50 62 1
50 147 1
50 106 1
50 125 1
50 73 1
50 168 1
50 91 1
50 93 1
50 55 1
50 76 1
50 180 1
50 200 1
50 170 1
50 160 1
50 195 1
50 111 1
50 161 1
50 89 1
50 153 1
50 150 1
50 146 1
50 165 1
50 143 1
50 104 1
50 185 1
50 117 1
50 191 1
51 72 1
51 157 1
51 173 1
51 177 1
51 84 1
51 77 1
51 74 1
51 96 1
51 164 1
51 126 1
51 98 1
51 143 1
51 181 1
51 118 1
51 88 1
51 128 1
51 159 1
51 112 1
51 117 1
51 111 1
51 198 1
51 142 1
51 95 1
51 120 1
51 168 1
51 124 1
51 140 1
51 148 1
51 191 1
51 195 1
51 150 1
51 107 1
51 139 1
51 101 1
51 156 1
51 188 1
51 161 1
51 189 1
51 136 1
51 73 1
51 104 1
51 123 1
51 97 1
51 183 1
51 94 1
51 127 1
51 152 1
51 52 1
51 61 1
51 79 1
51 186 1
51 54 1
51 114 1
51 131 1
51 184 1
51 180 1
51 115 1
51 149 1
51 81 1
51 176 1
51 55 1
52 107 1
52 77 1
52 172 1
52 60 1
52 182 1
52 134 1
52 157 1
52 59 1
52 83 1
52 148 1
52 180 1
52 146 1
52 106 1
52 139 1
52 76 1
52 188 1
52 141 1
52 58 1
52 114 1
52 162 1
52 98 1
52 65 1
52 66 1
52 75 1
52 110 1
52 81 1
52 189 1
52 89 1
52 132 1
52 190 1
52 73 1
52 186 1
52 161 1
52 116 1
52 105 1
52 181 1
52 68 1
52 129 1
52 101 1
52 164 1
52 160 1
52 184 1
52 103 1
52 111 1
52 149 1
52 133 1
52 163 1
52 108 1
52 152 1
52 112 1
52 174 1
52 121 1
52 169 1
52 122 1
52 155 1
52 69 1
52 142 1
52 159 1
52 175 1
52 120 1
52 199 1
52 183 1
53 129 1
53 174 1
53 55 1
53 197 1
53 164 1
53 90 1
53 126 1
53 124 1
53 125 1
53 81 1
53 183 1
53 135 1
53 148 1
53 165 1
53 184 1
53 133 1
53 169 1
53 189 1
53 139 1
53 76 1
53 147 1
53 168 1
53 149 1
53 191 1
53 64 1
53 121 1
53 114 1
53 151 1
53 163 1
53 119 1
53 175 1
53 80 1
53 179 1
53 186 1
53 120 1
53 194 1
53 83 1
53 73 1
53 75 1
53 112 1
53 144 1
53 86 1
53 118 1
53 145 1
53 158 1
53 162 1
53 74 1
53 59 1
53 167 1
53 155 1
53 188 1
53 58 1
53 70 1
53 102 1
53 87 1
53 136 1
53 154 1
53 166 1
54 157 1
54 119 1
54 96 1
54 180 1
54 198 1
54 138 1
54 151 1
54 136 1
54 187 1
54 59 1
54 172 1
54 164 1
54 195 1
54 181 1
54 81 1
54 153 1
54 156 1
54 174 1
54 171 1
54 148 1
54 56 1
54 129 1
54 89 1
54 95 1
54 179 1
54 67 1
54 65 1
54 69 1
54 63 1
54 120 1
54 186 1
54 110 1
54 115 1
54 197 1
54 55 1
54 105 1
54 82 1
54 155 1
54 86 1
54 133 1
54 98 1
54 58 1
54 165 1
54 139 1
54 62 1
54 194 1
54 190 1
54 178 1
54 78 1
54 85 1
54 106 1
54 72 1
54 66 1
54 70 1
54 93 1
55 67 1
55 180 1
55 62 1
55 191 1
55 200 1
55 101 1
55 103 1
55 114 1
55 147 1
55 85 1
55 109 1
55 135 1
55 93 1
55 187 1
55 91 1
55 163 1
55 175 1
55 181 1
55 112 1
55 140 1
55 178 1
55 151 1
55 149 1
55 78 1
55 111 1
55 131 1
55 58 1
55 86 1
55 73 1
55 87 1
55 63 1
55 188 1
55 143 1
55 128 1
55 164 1
55 141 1
55 124 1
55 129 1
55 193 1
55 168 1
55 197 1
55 133 1
55 104 1
55 156 1
55 64 1
55 100 1
55 66 1
55 113 1
55 190 1
55 68 1
55 60 1
55 84 1
55 96 1
55 169 1
55 150 1
55 56 1
55 92 1
55 116 1
55 194 1
55 121 1
55 182 1
55 162 1
55 72 1
55 83 1
55 119 1
56 77 1
56 182 1
56 143 1
56 130 1
56 120 1
56 87 1
56 199 1
56 118 1
56 171 1
56 176 1
56 83 1
56 60 1
56 86 1
56 92 1
56 85 1
56 82 1
56 159 1
56 156 1
56 102 1
56 89 1
56 188 1
56 140 1
56 151 1
56 191 1
56 69 1
56 65 1
56 117 1
56 135 1
56 163 1
56 198 1
56 192 1
56 59 1
56 101 1
56 95 1
56 184 1
56 99 1
56 168 1
56 161 1
56 133 1
56 116 1
56 103 1
56 67 1
56 190 1
56 172 1
56 119 1
56 194 1
56 180 1
56 58 1
56 141 1
56 137 1
56 139 1
56 71 1
56 93 1
56 162 1
56 174 1
56 104 1
56 64 1
56 200 1
56 185 1
56 96 1
56 97 1
56 195 1
56 186 1
57 121 1
57 190 1
57 113 1
57 71 1
57 166 1
57 152 1
57 187 1
57 148 1
57 147 1
57 67 1
57 83 1
57 119 1
57 116 1
57 98 1
57 161 1
57 195 1
57 79 1
57 155 1
57 141 1
57 180 1
57 189 1
57 120 1
57 175 1
57 59 1
57 182 1
57 183 1
57 126 1
57 93 1
57 164 1
57 136 1
57 144 1
57 80 1
57 73 1
57 85 1
57 124 1
57 64 1
57 94 1
57 142 1
57 75 1
57 87 1
57 115 1
57 157 1
57 63 1
57 102 1
58 146 1
58 171 1
58 167 1
58 143 1
58 92 1
58 163 1
58 101 1
58 59 1
58 189 1
58 113 1
58 136 1
58 63 1
58 62 1
58 134 1
58 164 1
58 73 1
58 155 1
58 105 1
58 180 1
58 160 1
58 159 1
58 74 1
58 61 1
58 199 1
58 72 1
58 173 1
58 144 1
58 67 1
58 169 1
58 142 1
58 137 1
58 122 1
58 94 1
58 84 1
58 141 1
58 120 1
58 185 1
58 147 1
58 181 1
58 179 1
58 131 1
58 104 1
58 93 1
58 200 1
58 124 1
58 188 1
58 191 1
58 182 1
58 95 1
58 76 1
58 183 1
59 185 1
59 85 1
59 181 1
59 130 1
59 84 1
59 104 1
59 155 1
59 89 1
59 162 1
59 184 1
59 72 1
59 183 1
59 123 1
59 158 1
59 88 1
59 101 1
59 142 1
59 94 1
59 126 1
59 140 1
59 98 1
59 198 1
59 161 1
59 194 1
59 109 1
59 61 1
59 73 1
59 63 1
59 120 1
59 70 1
59 150 1
59 92 1
59 122 1
59 112 1
59 76 1
59 119 1
59 131 1
59 65 1
59 118 1
59 79 1
59 196 1
59 81 1
59 74 1
59 136 1
59 138 1
59 64 1
60 176 1
60 120 1
60 116 1
60 66 1
60 117 1
60 73 1
60 75 1
60 86 1
60 125 1
60 158 1
60 186 1
60 76 1
60 190 1
60 95 1
60 185 1
60 62 1
60 157 1
60 179 1
60 121 1
60 178 1
60 131 1
60 108 1
60 138 1
60 87 1
60 81 1
60 153 1
60 97 1
60 136 1
60 137 1
60 113 1
60 182 1
60 96 1
60 135 1
60 130 1
60 85 1
60 93 1
60 79 1
60 192 1
60 141 1
60 169 1
60 102 1
60 145 1
60 152 1
60 148 1
60 175 1
60 91 1
60 149 1
60 156 1
60 191 1
60 74 1
60 127 1
60 88 1
60 67 1
60 110 1
60 101 1
60 172 1
61 173 1
61 66 1
61 84 1
61 140 1
61 177 1
61 81 1
61 191 1
61 197 1
61 113 1
61 67 1
61 101 1
61 62 1
61 109 1
61 199 1
61 106 1
61 64 1
61 189 1
61 171 1
61 170 1
61 179 1
61 154 1
61 85 1
61 184 1
61 169 1
61 166 1
61 135 1
61 127 1
61 90 1
61 110 1
61 120 1
61 89 1
61 122 1
61 100 1
61 136 1
61 167 1
61 79 1
61 157 1
61 97 1
61 152 1
61 134 1
61 133 1
61 142 1
61 65 1
61 165 1
61 111 1
61 149 1
61 144 1
61 178 1
61 78 1
61 126 1
61 187 1
61 158 1
61 139 1
61 95 1
61 175 1
62 114 1
62 173 1
62 184 1
62 159 1
62 157 1
62 130 1
62 76 1
62 82 1
62 100 1
62 143 1
62 189 1
62 104 1
62 195 1
62 92 1
62 172 1
62 185 1
62 132 1
62 74 1
62 68 1
62 162 1
62 137 1
62 98 1
62 126 1
62 79 1
62 170 1
62 155 1
62 179 1
62 153 1
62 200 1
62 135 1
62 88 1
62 93 1
62 150 1
62 194 1
62 103 1
62 94 1
62 187 1
62 142 1
62 109 1
62 86 1
62 107 1
62 67 1
62 90 1
62 73 1
62 138 1
62 75 1
62 180 1
62 106 1
62 144 1
63 151 1
63 119 1
63 141 1
63 65 1
63 167 1
63 187 1
63 89 1
63 172 1
63 121 1
63 75 1
63 92 1
63 124 1
63 113 1
63 133 1
63 189 1
63 103 1
63 192 1
63 126 1
63 79 1
63 198 1
63 170 1
63 165 1
63 120 1
63 78 1
63 97 1
63 166 1
63 128 1
63 148 1
63 159 1
63 71 1
63 115 1
63 107 1
63 86 1
63 169 1
63 88 1
63 188 1
63 185 1
63 80 1
63 173 1
63 142 1
63 77 1
63 157 1
63 155 1
63 146 1
63 182 1
63 69 1
63 153 1
63 162 1
63 144 1
63 171 1
63 147 1
63 111 1
63 116 1
63 129 1
63 190 1
63 191 1
63 67 1
63 104 1
63 125 1
64 181 1
64 148 1
64 130 1
64 83 1
64 120 1
64 76 1
64 172 1
64 173 1
64 153 1
64 161 1
64 154 1
64 77 1
64 142 1
64 182 1
64 197 1
64 93 1
64 131 1
64 78 1
64 144 1
64 186 1
64 81 1
64 158 1
64 104 1
64 126 1
64 85 1
64 169 1
64 183 1
64 141 1
64 98 1
64 89 1
64 118 1
64 65 1
64 124 1
64 99 1
64 80 1
64 121 1
64 103 1
64 159 1
64 134 1
64 112 1
64 132 1
64 164 1
64 138 1
64 106 1
64 117 1
64 143 1
64 168 1
64 140 1
64 152 1
65 124 1
65 166 1
65 148 1
65 69 1
65 114 1
65 185 1
65 158 1
65 87 1
65 113 1
65 130 1
65 102 1
65 184 1
65 176 1
65 153 1
65 108 1
65 91 1
65 94 1
65 157 1
65 78 1
65 189 1
65 66 1
65 191 1
65 74 1
65 82 1
65 93 1
65 197 1
65 83 1
65 196 1
65 192 1
65 71 1
65 67 1
65 149 1
65 98 1
65 129 1
65 76 1
65 194 1
65 136 1
65 89 1
65 73 1
65 163 1
65 183 1
65 79 1
65 137 1
65 95 1
65 110 1
65 144 1
65 111 1
65 198 1
65 132 1
65 109 1
65 178 1
65 101 1
66 91 1
66 170 1
66 183 1
66 156 1
66 83 1
66 94 1
66 71 1
66 154 1
66 200 1
66 140 1
66 114 1
66 153 1
66 147 1
66 180 1
66 85 1
66 96 1
66 78 1
66 193 1
66 82 1
66 136 1
66 89 1
66 194 1
66 76 1
66 101 1
66 151 1
66 146 1
66 127 1
66 160 1
66 128 1
66 97 1
66 187 1
66 119 1
66 73 1
66 148 1
66 72 1
66 157 1
66 113 1
66 185 1
66 164 1
66 98 1
66 197 1
66 115 1
66 181 1
66 196 1
66 195 1
66 80 1
66 161 1
66 171 1
66 177 1
66 175 1
67 95 1
67 162 1
67 197 1
67 142 1
67 137 1
67 151 1
67 200 1
67 73 1
67 169 1
67 98 1
67 84 1
67 171 1
67 189 1
67 193 1
67 100 1
67 74 1
67 90 1
67 170 1
67 165 1
67 102 1
67 176 1
67 104 1
67 130 1
67 96 1
67 145 1
67 110 1
67 152 1
67 107 1
67 139 1
67 72 1
67 147 1
67 146 1
67 174 1
67 99 1
67 136 1
67 97 1
67 150 1
67 129 1
67 163 1
67 113 1
67 124 1
67 184 1
67 195 1
67 114 1
67 196 1
67 80 1
67 69 1
67 123 1
67 141 1
67 191 1
67 125 1
67 153 1
68 87 1
68 189 1
68 98 1
68 96 1
68 187 1
68 109 1
68 117 1
68 142 1
68 102 1
68 81 1
68 167 1
68 74 1
68 168 1
68 162 1
68 114 1
68 115 1
68 198 1
68 143 1
68 175 1
68 73 1
68 182 1
68 181 1
68 193 1
68 80 1
68 129 1
68 169 1
68 140 1
68 127 1
68 166 1
68 155 1
68 196 1
68 200 1
68 170 1
68 71 1
68 120 1
68 97 1
68 70 1
68 151 1
68 152 1
68 148 1
68 164 1
68 195 1
68 86 1
68 118 1
68 111 1
68 130 1
68 106 1
68 183 1
68 78 1
68 116 1
68 160 1
68 190 1
69 191 1
69 114 1
69 89 1
69 177 1
69 143 1
69 189 1
69 71 1
69 158 1
69 139 1
69 195 1
69 178 1
69 103 1
69 200 1
69 98 1
69 79 1
69 93 1
69 186 1
69 119 1
69 81 1
69 113 1
69 112 1
69 171 1
69 96 1
69 159 1
69 157 1
69 190 1
69 161 1
69 118 1
69 146 1
69 121 1
69 183 1
69 137 1
69 162 1
69 173 1
69 196 1
69 144 1
69 101 1
69 179 1
69 184 1
69 167 1
69 142 1
69 122 1
69 82 1
69 198 1
69 97 1
69 180 1
69 77 1
69 124 1
69 131 1
69 102 1
69 74 1
70 163 1
70 173 1
70 182 1
70 133 1
70 81 1
70 120 1
70 128 1
70 88 1
70 193 1
70 189 1
70 198 1
70 161 1
70 165 1
70 102 1
70 116 1
70 115 1
70 127 1
70 199 1
70 82 1
70 75 1
70 150 1
70 105 1
70 132 1
70 95 1
70 200 1
70 178 1
70 79 1
70 136 1
70 166 1
70 186 1
70 149 1
70 158 1
70 175 1
70 195 1
70 118 1
70 138 1
70 109 1
70 156 1
70 83 1
70 107 1
70 71 1
70 129 1
70 78 1
70 114 1
70 117 1
70 85 1
70 112 1
70 90 1
70 194 1
70 76 1
70 185 1
70 174 1
70 169 1
71 126 1
71 114 1
71 131 1
71 117 1
71 101 1
71 78 1
71 192 1
71 185 1
71 137 1
71 190 1
71 124 1
71 115 1
71 90 1
71 144 1
71 197 1
71 75 1
71 153 1
71 172 1
71 108 1
71 119 1
71 82 1
71 200 1
71 96 1
71 187 1
71 169 1
71 129 1
71 175 1
71 168 1
71 133 1
71 158 1
71 122 1
71 196 1
71 130 1
71 112 1
71 77 1
71 123 1
71 170 1
71 132 1
71 179 1
71 88 1
71 72 1
71 193 1
71 110 1
71 91 1
71 125 1
71 105 1
71 182 1
71 109 1
71 152 1
71 83 1
71 136 1
72 113 1
72 87 1
72 112 1
72 90 1
72 115 1
72 168 1
72 157 1
72 141 1
72 144 1
72 159 1
72 160 1
72 114 1
72 170 1
72 152 1
72 73 1
72 183 1
72 158 1
72 184 1
72 93 1
72 104 1
72 175 1
72 126 1
72 99 1
72 165 1
72 196 1
72 102 1
72 161 1
72 92 1
72 120 1
72 198 1
72 78 1
72 176 1
72 169 1
72 84 1
72 101 1
72 117 1
72 149 1
72 127 1
72 133 1
72 153 1
72 132 1
72 195 1
72 106 1
72 75 1
72 166 1
72 146 1
72 194 1
72 119 1
72 177 1
72 188 1
72 128 1
72 173 1
72 154 1
72 74 1
72 77 1
72 197 1
73 147 1
73 160 1
73 157 1
73 138 1
73 97 1
73 177 1
73 133 1
73 135 1
73 136 1
73 102 1
73 89 1
73 200 1
73 192 1
73 172 1
73 120 1
73 87 1
73 142 1
73 126 1
73 143 1
73 93 1
73 123 1
73 148 1
73 185 1
73 162 1
73 101 1
73 175 1
73 159 1
73 155 1
73 99 1
73 82 1
73 75 1
73 121 1
73 127 1
73 119 1
73 183 1
73 77 1
73 188 1
73 137 1
73 128 1
73 78 1
73 134 1
73 104 1
73 113 1
73 96 1
73 90 1
73 150 1
73 88 1
73 182 1
73 114 1
73 92 1
73 98 1
73 173 1
73 145 1
73 83 1
74 127 1
74 125 1
74 191 1
74 81 1
74 156 1
74 95 1
74 78 1
74 94 1
74 97 1
74 75 1
74 134 1
74 140 1
74 179 1
74 158 1
74 135 1
74 113 1
74 154 1
74 200 1
74 112 1
74 183 1
74 185 1
74 131 1
74 101 1
74 109 1
74 142 1
74 93 1
74 89 1
74 103 1
74 164 1
74 129 1
74 123 1
74 188 1
74 169 1
74 119 1
74 163 1
74 77 1
74 84 1
74 130 1
74 187 1
74 174 1
74 80 1
74 177 1
74 155 1
74 87 1
74 193 1
74 98 1
74 136 1
74 124 1
74 107 1
74 76 1
75 188 1
75 83 1
75 105 1
75 197 1
75 136 1
75 87 1
75 94 1
75 185 1
75 154 1
75 100 1
75 131 1
75 129 1
75 182 1
75 82 1
75 146 1
75 96 1
75 166 1
75 184 1
75 145 1
75 116 1
75 159 1
75 112 1
75 153 1
75 81 1
75 144 1
75 181 1
75 190 1
75 163 1
75 114 1
75 135 1
75 104 1
75 80 1
75 199 1
75 165 1
75 176 1
75 86 1
75 127 1
75 137 1
75 121 1
75 132 1
75 102 1
75 117 1
75 126 1
75 101 1
75 106 1
75 98 1
75 92 1
75 175 1
75 177 1
75 142 1
75 111 1
76 89 1
76 194 1
76 108 1
76 96 1
76 127 1
76 144 1
76 170 1
76 116 1
76 109 1
76 182 1
76 78 1
76 137 1
76 166 1
76 101 1
76 149 1
76 172 1
76 114 1
76 163 1
76 107 1
76 199 1
76 161 1
76 171 1
76 83 1
76 117 1
76 198 1
76 80 1
76 106 1
76 191 1
76 136 1
76 100 1
76 195 1
76 84 1
76 87 1
76 179 1
76 77 1
76 177 1
76 79 1
76 104 1
76 168 1
76 190 1
76 134 1
76 152 1
76 200 1
76 130 1
76 110 1
76 128 1
76 111 1
76 133 1
77 137 1
77 116 1
77 130 1
77 81 1
77 187 1
77 83 1
77 179 1
77 86 1
77 113 1
77 165 1
77 183 1
77 146 1
77 95 1
77 93 1
77 128 1
77 105 1
77 194 1
77 109 1
77 124 1
77 168 1
77 195 1
77 115 1
77 92 1
77 159 1
77 155 1
77 103 1
77 192 1
77 94 1
77 121 1
77 84 1
77 191 1
77 174 1
77 99 1
77 129 1
77 158 1
77 196 1
77 118 1
77 117 1
77 169 1
77 133 1
77 122 1
77 189 1
77 181 1
77 164 1
77 96 1
77 149 1
77 123 1
77 150 1
78 181 1
78 80 1
78 144 1
78 183 1
78 119 1
78 85 1
78 106 1
78 93 1
78 158 1
78 111 1
78 88 1
78 196 1
78 94 1
78 155 1
78 118 1
78 107 1
78 115 1
78 164 1
78 89 1
78 157 1
78 140 1
78 170 1
78 82 1
78 79 1
78 179 1
78 154 1
78 177 1
78 133 1
78 146 1
78 188 1
78 132 1
78 102 1
78 87 1
78 137 1
78 191 1
78 120 1
78 152 1
78 148 1
78 83 1
78 168 1
78 141 1
79 147 1
79 141 1
79 197 1
79 138 1
79 135 1
79 119 1
79 85 1
79 179 1
79 112 1
79 180 1
79 81 1
79 150 1
79 134 1
79 175 1
79 182 1
79 163 1
79 120 1
79 178 1
79 169 1
79 187 1
79 152 1
79 118 1
79 172 1
79 142 1
79 151 1
79 189 1
79 145 1
79 110 1
79 176 1
79 94 1
79 95 1
79 130 1
79 139 1
79 166 1
79 86 1
79 153 1
79 196 1
79 113 1
79 116 1
79 148 1
79 117 1
79 103 1
79 191 1
79 154 1
79 137 1
79 188 1
79 102 1
79 195 1
79 140 1
79 146 1
80 132 1
80 138 1
80 161 1
80 100 1
80 124 1
80 90 1
80 142 1
80 149 1
80 134 1
80 191 1
80 136 1
80 190 1
80 126 1
80 95 1
80 170 1
80 106 1
80 151 1
80 105 1
80 187 1
80 157 1
80 83 1
80 112 1
80 173 1
80 140 1
80 111 1
80 91 1
80 141 1
80 131 1
80 147 1
80 164 1
80 115 1
80 181 1
80 122 1
80 81 1
80 178 1
80 171 1
80 107 1
80 199 1
80 129 1
80 154 1
80 192 1
80 139 1
80 117 1
80 179 1
80 195 1
80 133 1
80 167 1
80 193 1
80 166 1
81 163 1
81 146 1
81 85 1
81 152 1
81 97 1
81 159 1
81 185 1
81 151 1
81 106 1
81 170 1
81 144 1
81 129 1
81 166 1
81 188 1
81 192 1
81 178 1
81 160 1
81 139 1
81 175 1
81 92 1
81 176 1
81 108 1
81 169 1
81 167 1
81 193 1
81 122 1
81 88 1
81 111 1
81 90 1
81 171 1
81 96 1
81 121 1
81 186 1
81 199 1
81 195 1
81 162 1
81 197 1
81 172 1
81 99 1
81 138 1
81 148 1
81 123 1
81 86 1
81 190 1
81 164 1
81 112 1
81 137 1
81 155 1
81 114 1
81 145 1
82 194 1
82 162 1
82 192 1
82 114 1
82 109 1
82 171 1
82 164 1
82 118 1
82 120 1
82 112 1
82 126 1
82 90 1
82 176 1
82 128 1
82 170 1
82 172 1
82 85 1
82 155 1
82 95 1
82 148 1
82 96 1
82 188 1
82 167 1
82 102 1
82 185 1
82 97 1
82 124 1
82 136 1
82 181 1
82 86 1
82 166 1
82 94 1
82 149 1
82 104 1
82 163 1
82 106 1
82 139 1
82 99 1
82 157 1
82 186 1
82 165 1
82 110 1
82 127 1
82 161 1
82 175 1
82 133 1
82 100 1
82 143 1
82 153 1
82 200 1
82 88 1
82 103 1
82 195 1
82 187 1
82 152 1
82 119 1
83 171 1
83 181 1
83 140 1
83 147 1
83 89 1
83 167 1
83 157 1
83 116 1
83 135 1
83 94 1
83 97 1
83 125 1
83 127 1
83 131 1
83 86 1
83 165 1
83 95 1
83 101 1
83 173 1
83 111 1
83 168 1
83 162 1
83 144 1
83 114 1
83 113 1
83 93 1
83 164 1
83 141 1
83 195 1
83 156 1
83 107 1
83 192 1
83 138 1
83 112 1
83 128 1
83 121 1
83 145 1
84 94 1
84 106 1
84 179 1
84 105 1
84 146 1
84 121 1
84 125 1
84 178 1
84 162 1
84 155 1
84 164 1
84 157 1
84 95 1
84 126 1
84 153 1
84 161 1
84 114 1
84 112 1
84 198 1
84 159 1
84 195 1
84 138 1
84 110 1
84 152 1
84 136 1
84 129 1
84 113 1
84 99 1
84 174 1
84 96 1
84 151 1
84 117 1
84 111 1
84 148 1
84 132 1
84 128 1
84 133 1
84 171 1
84 139 1
84 170 1
84 149 1
84 186 1
85 113 1
85 111 1
85 182 1
85 149 1
85 163 1
85 145 1
85 155 1
85 106 1
85 102 1
85 179 1
85 140 1
85 158 1
85 134 1
85 90 1
85 101 1
85 121 1
85 88 1
85 96 1
85 193 1
85 188 1
85 190 1
85 165 1
85 112 1
85 176 1
85 153 1
85 110 1
85 103 1
85 192 1
85 143 1
85 191 1
85 166 1
85 195 1
85 162 1
85 169 1
85 127 1
85 170 1
85 104 1
85 133 1
85 186 1
85 137 1
85 147 1
85 196 1
85 178 1
85 122 1
85 144 1
85 131 1
85 107 1
85 100 1
85 94 1
85 86 1
86 146 1
86 171 1
86 87 1
86 199 1
86 118 1
86 123 1
86 161 1
86 164 1
86 130 1
86 113 1
86 193 1
86 136 1
86 105 1
86 142 1
86 103 1
86 98 1
86 190 1
86 110 1
86 109 1
86 151 1
86 89 1
86 88 1
86 194 1
86 137 1
86 176 1
86 124 1
86 134 1
86 186 1
86 93 1
86 148 1
86 122 1
86 165 1
86 198 1
86 168 1
86 163 1
86 160 1
86 173 1
86 149 1
86 150 1
86 144 1
87 113 1
87 124 1
87 177 1
87 114 1
87 169 1
87 132 1
87 197 1
87 129 1
87 195 1
87 123 1
87 191 1
87 180 1
87 178 1
87 108 1
87 151 1
87 112 1
87 91 1
87 139 1
87 148 1
87 167 1
87 107 1
87 183 1
87 128 1
87 168 1
87 115 1
87 95 1
87 109 1
87 105 1
87 117 1
87 130 1
87 141 1
87 121 1
87 143 1
87 190 1
87 103 1
87 127 1
87 187 1
87 126 1
87 189 1
87 98 1
87 179 1
87 101 1
87 120 1
87 111 1
87 166 1
87 134 1
88 117 1
88 144 1
88 90 1
88 127 1
88 199 1
88 119 1
88 116 1
88 186 1
88 142 1
88 111 1
88 187 1
88 137 1
88 96 1
88 140 1
88 146 1
88 138 1
88 106 1
88 107 1
88 191 1
88 151 1
88 103 1
88 104 1
88 134 1
88 143 1
88 165 1
88 193 1
88 157 1
88 168 1
88 171 1
88 136 1
88 181 1
88 150 1
88 175 1
88 102 1
88 92 1
88 164 1
88 159 1
88 99 1
88 196 1
88 139 1
88 184 1
88 135 1
89 143 1
89 190 1
89 91 1
89 161 1
89 167 1
89 112 1
89 107 1
89 108 1
89 194 1
89 185 1
89 154 1
89 159 1
89 191 1
89 200 1
89 127 1
89 144 1
89 152 1
89 124 1
89 165 1
89 164 1
89 122 1
89 160 1
89 199 1
89 168 1
89 166 1
89 102 1
89 183 1
89 182 1
89 140 1
89 100 1
89 187 1
89 148 1
89 158 1
89 178 1
89 145 1
89 116 1
89 90 1
89 134 1
89 184 1
89 180 1
89 120 1
89 114 1
89 169 1
89 125 1
90 100 1
90 178 1
90 161 1
90 142 1
90 200 1
90 126 1
90 132 1
90 184 1
90 164 1
90 168 1
90 165 1
90 194 1
90 186 1
90 180 1
90 96 1
90 111 1
90 138 1
90 108 1
90 157 1
90 117 1
90 104 1
90 116 1
90 110 1
90 92 1
90 125 1
90 123 1
90 155 1
90 94 1
90 97 1
90 190 1
90 124 1
90 133 1
90 134 1
90 175 1
90 105 1
90 128 1
90 156 1
90 169 1
90 151 1
90 174 1
91 126 1
91 137 1
91 191 1
91 172 1
91 187 1
91 153 1
91 190 1
91 189 1
91 176 1
91 143 1
91 163 1
91 157 1
91 184 1
91 94 1
91 95 1
91 130 1
91 101 1
91 102 1
91 181 1
91 183 1
91 198 1
91 144 1
91 134 1
91 156 1
91 197 1
91 182 1
91 124 1
91 120 1
91 122 1
91 93 1
91 185 1
91 188 1
91 177 1
91 98 1
91 154 1
91 186 1
91 112 1
91 178 1
91 106 1
91 105 1
91 110 1
91 158 1
91 115 1
91 132 1
91 118 1
91 196 1
91 193 1
91 199 1
91 139 1
92 189 1
92 155 1
92 164 1
92 194 1
92 161 1
92 144 1
92 184 1
92 133 1
92 187 1
92 122 1
92 108 1
92 132 1
92 129 1
92 160 1
92 197 1
92 157 1
92 174 1
92 142 1
92 93 1
92 162 1
92 158 1
92 123 1
92 190 1
92 186 1
92 180 1
92 145 1
92 156 1
92 115 1
92 181 1
92 137 1
92 141 1
92 193 1
92 188 1
92 150 1
92 172 1
92 117 1
92 177 1
92 95 1
92 128 1
92 154 1
92 152 1
92 151 1
92 125 1
92 97 1
93 194 1
93 184 1
93 159 1
93 156 1
93 105 1
93 180 1
93 139 1
93 119 1
93 107 1
93 157 1
93 97 1
93 179 1
93 132 1
93 143 1
93 144 1
93 152 1
93 126 1
93 198 1
93 94 1
93 96 1
93 183 1
93 185 1
93 162 1
93 158 1
93 173 1
93 111 1
93 192 1
93 134 1
93 108 1
93 187 1
93 177 1
93 195 1
93 175 1
93 114 1
93 200 1
93 167 1
94 163 1
94 153 1
94 125 1
94 196 1
94 185 1
94 133 1
94 169 1
94 187 1
94 195 1
94 167 1
94 121 1
94 171 1
94 181 1
94 98 1
94 101 1
94 134 1
94 103 1
94 182 1
94 115 1
94 96 1
94 137 1
94 160 1
94 122 1
94 146 1
94 132 1
94 159 1
94 138 1
94 170 1
94 189 1
94 114 1
94 107 1
94 158 1
94 102 1
94 130 1
94 124 1
94 152 1
94 135 1
94 150 1
94 168 1
94 147 1
95 194 1
95 172 1
95 100 1
95 185 1
95 164 1
95 186 1
95 112 1
95 154 1
95 146 1
95 175 1
95 139 1
95 189 1
95 150 1
95 134 1
95 198 1
95 121 1
95 170 1
95 120 1
95 176 1
95 188 1
95 156 1
95 144 1
95 167 1
95 145 1
95 127 1
95 122 1
95 98 1
95 160 1
95 129 1
95 133 1
95 177 1
96 145 1
96 149 1
96 167 1
96 128 1
96 140 1
96 99 1
96 179 1
96 104 1
96 129 1
96 115 1
96 158 1
96 170 1
96 111 1
96 146 1
96 127 1
96 142 1
96 98 1
96 169 1
96 121 1
96 118 1
96 138 1
96 168 1
96 166 1
96 101 1
96 193 1
96 107 1
96 106 1
96 200 1
96 157 1
96 151 1
96 119 1
96 141 1
96 112 1
97 180 1
97 141 1
97 98 1
97 155 1
97 148 1
97 102 1
97 196 1
97 122 1
97 135 1
97 138 1
97 119 1
97 137 1
97 106 1
97 115 1
97 183 1
97 181 1
97 192 1
97 185 1
97 161 1
97 169 1
97 164 1
97 99 1
97 100 1
97 112 1
97 167 1
97 187 1
97 198 1
97 197 1
97 118 1
97 145 1
97 131 1
97 104 1
97 150 1
97 125 1
98 197 1
98 187 1
98 110 1
98 188 1
98 151 1
98 180 1
98 194 1
98 116 1
98 185 1
98 171 1
98 177 1
98 168 1
98 190 1
98 150 1
98 113 1
98 181 1
98 130 1
98 199 1
98 128 1
98 163 1
98 159 1
98 174 1
98 183 1
98 124 1
98 117 1
98 135 1
98 170 1
98 107 1
98 121 1
98 104 1
98 132 1
98 139 1
98 102 1
98 119 1
98 134 1
98 189 1
98 146 1
98 144 1
98 112 1
98 175 1
98 141 1
98 108 1
98 143 1
98 173 1
98 106 1
98 142 1
99 135 1
99 191 1
99 147 1
99 180 1
99 118 1
99 174 1
99 125 1
99 145 1
99 129 1
99 141 1
99 140 1
99 159 1
99 165 1
99 195 1
99 142 1
99 105 1
99 179 1
99 130 1
99 114 1
99 187 1
99 152 1
99 178 1
99 117 1
99 120 1
99 143 1
99 181 1
99 131 1
99 111 1
99 150 1
99 184 1
99 103 1
99 144 1
99 199 1
99 186 1
99 163 1
99 169 1
99 101 1
99 176 1
99 177 1
99 107 1
99 192 1
99 112 1
99 138 1
100 147 1
100 156 1
100 138 1
100 126 1
100 194 1
100 155 1
100 134 1
100 187 1
100 174 1
100 142 1
100 110 1
100 199 1
100 116 1
100 161 1
100 120 1
100 123 1
100 115 1
100 153 1
100 184 1
100 188 1
100 176 1
100 185 1
100 137 1
100 152 1
100 197 1
100 164 1
100 160 1
100 169 1
100 131 1
100 141 1
100 183 1
100 107 1
100 172 1
100 162 1
100 190 1
100 200 1
100 135 1
100 168 1
100 114 1
100 113 1
100 154 1
100 182 1
101 102 1
101 146 1
101 144 1
101 188 1
101 137 1
101 130 1
101 121 1
101 153 1
101 126 1
101 154 1
101 120 1
101 155 1
101 165 1
101 156 1
101 147 1
101 122 1
101 109 1
101 192 1
101 158 1
101 197 1
101 166 1
101 179 1
101 104 1
101 176 1
101 168 1
101 105 1
101 183 1
101 193 1
101 139 1
101 140 1
101 115 1
101 142 1
101 182 1
101 157 1
101 125 1
101 132 1
101 189 1
101 167 1
101 194 1
101 118 1
101 117 1
101 163 1
101 111 1
102 115 1
102 177 1
102 187 1
102 144 1
102 158 1
102 185 1
102 142 1
102 163 1
102 162 1
102 127 1
102 143 1
102 116 1
102 119 1
102 192 1
102 114 1
102 120 1
102 191 1
102 122 1
102 149 1
102 198 1
102 146 1
102 179 1
102 126 1
102 161 1
102 182 1
102 154 1
102 104 1
102 173 1
102 199 1
102 136 1
102 152 1
102 196 1
103 179 1
103 184 1
103 109 1
103 150 1
103 181 1
103 176 1
103 144 1
103 167 1
103 169 1
103 149 1
103 140 1
103 168 1
103 116 1
103 170 1
103 129 1
103 141 1
103 195 1
103 117 1
103 108 1
103 119 1
103 132 1
103 107 1
103 118 1
103 127 1
103 105 1
103 182 1
103 162 1
103 133 1
103 158 1
103 156 1
103 153 1
103 147 1
103 189 1
103 135 1
103 106 1
103 178 1
103 128 1
104 120 1
104 127 1
104 138 1
104 121 1
104 195 1
104 131 1
104 185 1
104 157 1
104 154 1
104 161 1
104 123 1
104 152 1
104 188 1
104 198 1
104 179 1
104 189 1
104 156 1
104 173 1
104 129 1
104 176 1
104 140 1
104 148 1
104 193 1
104 141 1
104 177 1
104 164 1
104 119 1
104 166 1
104 159 1
104 150 1
104 132 1
104 139 1
104 162 1
104 170 1
104 105 1
105 121 1
105 135 1
105 195 1
105 168 1
105 116 1
105 130 1
105 144 1
105 183 1
105 149 1
105 110 1
105 191 1
105 187 1
105 180 1
105 185 1
105 120 1
105 148 1
105 192 1
105 136 1
105 156 1
105 106 1
105 124 1
105 197 1
105 122 1
105 150 1
105 174 1
105 128 1
105 159 1
105 198 1
105 123 1
105 176 1
105 152 1
105 115 1
105 119 1
105 140 1
105 111 1
105 151 1
105 155 1
105 199 1
106 167 1
106 158 1
106 192 1
106 181 1
106 165 1
106 141 1
106 193 1
106 166 1
106 119 1
106 111 1
106 163 1
106 194 1
106 129 1
106 173 1
106 155 1
106 195 1
106 137 1
106 126 1
106 152 1
106 159 1
106 154 1
106 125 1
106 183 1
106 199 1
106 115 1
106 164 1
106 127 1
106 138 1
106 113 1
106 169 1
106 135 1
106 118 1
106 140 1
106 123 1
106 178 1
106 150 1
106 186 1
106 185 1
106 151 1
106 175 1
106 197 1
106 180 1
106 133 1
107 163 1
107 143 1
107 179 1
107 186 1
107 157 1
107 142 1
107 168 1
107 131 1
107 154 1
107 145 1
107 172 1
107 128 1
107 197 1
107 190 1
107 153 1
107 164 1
107 108 1
107 140 1
107 169 1
107 115 1
107 147 1
107 113 1
107 193 1
107 191 1
107 118 1
107 120 1
107 196 1
107 123 1
107 177 1
107 141 1
107 146 1
107 144 1
107 156 1
107 171 1
107 122 1
107 114 1
107 161 1
107 180 1
107 116 1
107 137 1
107 129 1
108 161 1
108 187 1
108 174 1
108 164 1
108 177 1
108 173 1
108 169 1
108 120 1
108 157 1
108 137 1
108 196 1
108 186 1
108 183 1
108 124 1
108 131 1
108 175 1
108 147 1
108 117 1
108 200 1
108 139 1
108 126 1
108 128 1
108 162 1
108 151 1
108 110 1
108 123 1
108 115 1
108 167 1
108 181 1
108 141 1
108 143 1
108 190 1
108 184 1
108 112 1
108 140 1
108 154 1
109 191 1
109 119 1
109 128 1
109 144 1
109 187 1
109 190 1
109 192 1
109 174 1
109 148 1
109 132 1
109 149 1
109 142 1
109 129 1
109 150 1
109 169 1
109 151 1
109 171 1
109 184 1
109 183 1
109 172 1
109 200 1
109 136 1
109 199 1
109 127 1
109 120 1
109 110 1
109 111 1
109 134 1
109 180 1
109 185 1
109 167 1
109 194 1
109 133 1
109 155 1
110 118 1
110 152 1
110 128 1
110 156 1
110 186 1
110 141 1
110 143 1
110 197 1
110 132 1
110 117 1
110 160 1
110 114 1
110 115 1
110 194 1
110 116 1
110 161 1
110 137 1
110 181 1
110 200 1
110 183 1
110 170 1
110 134 1
110 146 1
110 185 1
110 120 1
110 176 1
110 172 1
110 124 1
110 174 1
110 192 1
110 182 1
110 199 1
110 145 1
110 165 1
110 111 1
110 127 1
110 167 1
110 187 1
110 136 1
110 177 1
110 158 1
110 180 1
110 144 1
110 191 1
110 151 1
110 196 1
111 200 1
111 197 1
111 120 1
111 151 1
111 169 1
111 180 1
111 177 1
111 190 1
111 143 1
111 152 1
111 129 1
111 136 1
111 193 1
111 179 1
111 132 1
111 159 1
111 114 1
111 188 1
111 165 1
111 189 1
111 181 1
111 124 1
111 115 1
111 137 1
111 116 1
111 186 1
111 199 1
111 119 1
111 198 1
111 118 1
112 161 1
112 192 1
112 135 1
112 172 1
112 178 1
112 131 1
112 167 1
112 185 1
112 159 1
112 146 1
112 174 1
112 139 1
112 141 1
112 168 1
112 191 1
112 137 1
112 184 1
112 193 1
112 125 1
112 143 1
112 152 1
112 188 1
112 147 1
112 123 1
112 142 1
112 116 1
112 134 1
112 128 1
112 171 1
112 154 1
112 189 1
112 153 1
112 158 1
112 121 1
112 115 1
112 160 1
112 177 1
112 126 1
113 177 1
113 198 1
113 163 1
113 120 1
113 149 1
113 158 1
113 136 1
113 124 1
113 168 1
113 155 1
113 125 1
113 137 1
113 118 1
113 164 1
113 176 1
113 128 1
113 151 1
113 200 1
113 189 1
113 117 1
113 148 1
113 116 1
113 143 1
113 119 1
113 178 1
113 166 1
113 122 1
113 194 1
113 138 1
113 196 1
113 175 1
113 192 1
113 187 1
113 174 1
113 144 1
113 130 1
113 161 1
113 134 1
113 127 1
113 133 1
114 186 1
114 124 1
114 180 1
114 141 1
114 144 1
114 173 1
114 192 1
114 139 1
114 172 1
114 153 1
114 131 1
114 179 1
114 155 1
114 154 1
114 115 1
114 135 1
114 195 1
114 156 1
114 163 1
114 191 1
114 176 1
114 166 1
114 148 1
114 118 1
114 123 1
114 160 1
115 119 1
115 177 1
115 194 1
115 156 1
115 157 1
115 151 1
115 199 1
115 178 1
115 185 1
115 187 1
115 129 1
115 138 1
115 126 1
115 122 1
115 198 1
115 117 1
115 188 1
115 193 1
115 154 1
115 118 1
115 142 1
115 190 1
115 197 1
115 173 1
115 155 1
115 159 1
115 171 1
115 165 1
115 172 1
115 120 1
115 131 1
115 200 1
115 137 1
115 125 1
115 167 1
115 184 1
116 192 1
116 141 1
116 127 1
116 153 1
116 119 1
116 131 1
116 179 1
116 189 1
116 134 1
116 139 1
116 136 1
116 195 1
116 173 1
116 156 1
116 193 1
116 117 1
116 171 1
116 157 1
116 186 1
116 129 1
116 194 1
116 133 1
116 122 1
116 163 1
116 167 1
116 143 1
116 168 1
116 150 1
116 172 1
116 170 1
116 159 1
116 190 1
116 155 1
116 137 1
116 130 1
116 120 1
116 123 1
116 125 1
116 165 1
116 191 1
117 167 1
117 174 1
117 152 1
117 168 1
117 143 1
117 190 1
117 170 1
117 198 1
117 161 1
117 128 1
117 132 1
117 165 1
117 194 1
117 145 1
117 159 1
117 133 1
117 121 1
117 182 1
117 187 1
117 148 1
117 120 1
117 192 1
117 151 1
117 199 1
117 172 1
117 179 1
117 171 1
117 200 1
117 158 1
117 184 1
117 150 1
117 125 1
117 175 1
117 156 1
117 166 1
117 155 1
118 139 1
118 127 1
118 192 1
118 124 1
118 152 1
118 197 1
118 163 1
118 120 1
118 146 1
118 191 1
118 193 1
118 153 1
118 188 1
118 154 1
118 183 1
118 156 1
118 199 1
118 143 1
118 173 1
118 196 1
118 147 1
118 179 1
118 142 1
118 177 1
118 161 1
118 158 1
118 160 1
118 128 1
118 148 1
118 181 1
118 180 1
118 131 1
118 169 1
118 145 1
118 186 1
119 143 1
119 189 1
119 177 1
119 162 1
119 152 1
119 150 1
119 129 1
119 190 1
119 120 1
119 145 1
119 166 1
119 147 1
119 171 1
119 131 1
119 169 1
119 128 1
119 133 1
119 161 1
119 193 1
119 138 1
119 122 1
119 180 1
119 194 1
119 175 1
119 124 1
119 159 1
119 188 1
119 200 1
119 130 1
119 144 1
119 127 1
119 123 1
119 165 1
120 147 1
120 123 1
120 157 1
120 138 1
120 190 1
120 187 1
120 164 1
120 135 1
120 149 1
120 160 1
120 146 1
120 174 1
120 180 1
120 193 1
120 161 1
120 151 1
120 166 1
120 168 1
120 144 1
120 181 1
120 172 1
120 184 1
120 139 1
120 178 1
120 179 1
120 200 1
120 169 1
120 194 1
120 154 1
120 141 1
120 150 1
120 134 1
120 188 1
120 196 1
120 155 1
121 186 1
121 160 1
121 169 1
121 129 1
121 130 1
121 181 1
121 155 1
121 156 1
121 142 1
121 134 1
121 124 1
121 148 1
121 183 1
121 195 1
121 193 1
121 158 1
121 171 1
121 182 1
121 165 1
121 126 1
121 159 1
121 151 1
121 144 1
121 199 1
121 140 1
121 125 1
121 190 1
121 191 1
121 135 1
121 194 1
122 136 1
122 195 1
122 169 1
122 151 1
122 192 1
122 130 1
122 166 1
122 139 1
122 190 1
122 158 1
122 173 1
122 125 1
122 200 1
122 171 1
122 145 1
122 154 1
122 196 1
122 194 1
122 187 1
122 181 1
122 155 1
122 191 1
122 132 1
122 133 1
122 140 1
122 135 1
122 163 1
122 128 1
122 164 1
122 162 1
122 182 1
122 199 1
122 146 1
123 198 1
123 147 1
123 131 1
123 196 1
123 188 1
123 137 1
123 129 1
123 168 1
123 160 1
123 134 1
123 177 1
123 128 1
123 140 1
123 148 1
123 162 1
123 172 1
123 153 1
123 139 1
123 174 1
123 165 1
123 152 1
123 135 1
123 159 1
123 145 1
123 190 1
123 178 1
123 197 1
123 180 1
123 146 1
124 181 1
124 178 1
124 152 1
124 165 1
124 131 1
124 147 1
124 166 1
124 176 1
124 185 1
124 132 1
124 133 1
124 155 1
124 182 1
124 134 1
124 148 1
124 193 1
124 164 1
124 175 1
124 128 1
124 145 1
124 173 1
124 136 1
124 161 1
124 159 1
124 172 1
124 192 1
124 129 1
124 142 1
124 195 1
125 150 1
125 136 1
125 186 1
125 163 1
125 129 1
125 199 1
125 134 1
125 194 1
125 196 1
125 166 1
125 155 1
125 133 1
125 180 1
125 190 1
125 172 1
125 191 1
125 188 1
125 147 1
125 183 1
125 170 1
125 138 1
125 181 1
125 140 1
125 148 1
125 157 1
125 184 1
125 200 1
125 151 1
125 173 1
125 187 1
125 177 1
125 146 1
125 168 1
126 134 1
126 131 1
126 174 1
126 163 1
126 189 1
126 186 1
126 141 1
126 170 1
126 145 1
126 151 1
126 200 1
126 171 1
126 156 1
126 168 1
126 183 1
126 182 1
126 194 1
126 192 1
126 180 1
126 187 1
126 173 1
126 191 1
126 181 1
126 138 1
126 155 1
127 171 1
127 198 1
127 141 1
127 194 1
127 172 1
127 155 1
127 154 1
127 137 1
127 143 1
127 146 1
127 182 1
127 187 1
127 139 1
127 174 1
127 168 1
127 186 1
127 135 1
127 165 1
127 197 1
127 196 1
127 190 1
127 130 1
127 132 1
127 180 1
127 167 1
128 156 1
128 153 1
128 149 1
128 182 1
128 157 1
128 134 1
128 152 1
128 188 1
128 162 1
128 159 1
128 176 1
128 133 1
128 165 1
128 192 1
128 169 1
128 138 1
128 186 1
128 197 1
128 166 1
128 170 1
128 163 1
128 189 1
128 139 1
128 193 1
128 180 1
128 173 1
128 132 1
128 144 1
129 139 1
129 158 1
129 177 1
129 188 1
129 155 1
129 136 1
129 141 1
129 154 1
129 162 1
129 134 1
129 150 1
129 199 1
129 142 1
129 190 1
129 194 1
129 183 1
129 167 1
129 192 1
129 179 1
129 130 1
129 182 1
129 172 1
129 171 1
129 133 1
129 198 1
129 197 1
129 153 1
129 138 1
129 178 1
129 176 1
129 180 1
129 196 1
129 186 1
129 151 1
129 157 1
129 174 1
129 184 1
129 149 1
129 166 1
129 160 1
129 173 1
129 161 1
130 175 1
130 168 1
130 187 1
130 155 1
130 192 1
130 149 1
130 193 1
130 169 1
130 197 1
130 142 1
130 158 1
130 165 1
130 141 1
130 161 1
130 150 1
130 148 1
130 131 1
130 167 1
130 176 1
130 173 1
130 182 1
130 162 1
130 195 1
131 187 1
131 135 1
131 152 1
131 150 1
131 179 1
131 148 1
131 180 1
131 183 1
131 169 1
131 182 1
131 197 1
131 189 1
131 171 1
131 177 1
131 192 1
131 191 1
131 147 1
131 137 1
131 160 1
131 141 1
131 157 1
131 167 1
131 145 1
131 173 1
131 194 1
131 166 1
131 193 1
131 132 1
131 153 1
131 140 1
131 170 1
131 143 1
131 176 1
132 156 1
132 186 1
132 162 1
132 159 1
132 164 1
132 176 1
132 167 1
132 180 1
132 149 1
132 140 1
132 179 1
132 200 1
132 172 1
132 193 1
132 142 1
132 168 1
132 189 1
132 177 1
132 133 1
132 184 1
132 144 1
132 178 1
132 173 1
132 153 1
133 159 1
133 196 1
133 140 1
133 183 1
133 173 1
133 145 1
133 165 1
133 176 1
133 171 1
133 149 1
133 185 1
133 194 1
133 170 1
133 154 1
133 152 1
133 190 1
133 135 1
133 198 1
133 160 1
133 172 1
133 146 1
133 182 1
133 166 1
133 138 1
133 143 1
133 200 1
133 187 1
133 168 1
133 153 1
133 144 1
133 192 1
134 159 1
134 190 1
134 177 1
134 152 1
134 197 1
134 167 1
134 158 1
134 171 1
134 195 1
134 192 1
134 140 1
134 153 1
134 183 1
134 181 1
134 142 1
134 163 1
134 151 1
134 165 1
134 137 1
134 200 1
134 180 1
134 156 1
134 178 1
134 169 1
134 164 1
134 154 1
134 199 1
135 152 1
135 151 1
135 158 1
135 142 1
135 161 1
135 162 1
135 160 1
135 154 1
135 159 1
135 191 1
135 149 1
135 186 1
135 189 1
135 140 1
135 147 1
135 156 1
135 187 1
135 178 1
135 171 1
135 169 1
135 150 1
135 164 1
135 192 1
135 166 1
135 148 1
135 197 1
135 145 1
135 170 1
135 165 1
135 174 1
135 155 1
135 181 1
135 136 1
136 174 1
136 170 1
136 148 1
136 144 1
136 154 1
136 189 1
136 147 1
136 165 1
136 179 1
136 188 1
136 181 1
136 139 1
136 160 1
136 190 1
136 149 1
136 145 1
136 200 1
136 184 1
136 187 1
136 185 1
136 159 1
136 156 1
137 157 1
137 145 1
137 149 1
137 138 1
137 174 1
137 179 1
137 175 1
137 172 1
137 165 1
137 188 1
137 184 1
137 200 1
137 155 1
137 180 1
137 159 1
137 170 1
137 198 1
137 152 1
137 148 1
137 153 1
137 190 1
137 169 1
137 185 1
138 165 1
138 190 1
138 149 1
138 150 1
138 147 1
138 177 1
138 160 1
138 176 1
138 187 1
138 146 1
138 174 1
138 152 1
138 158 1
138 197 1
138 154 1
138 169 1
138 167 1
138 191 1
138 171 1
138 182 1
138 180 1
138 166 1
138 162 1
138 159 1
138 175 1
139 140 1
139 177 1
139 152 1
139 159 1
139 166 1
139 175 1
139 150 1
139 141 1
139 188 1
139 143 1
139 182 1
139 148 1
139 173 1
139 190 1
139 167 1
139 178 1
139 147 1
139 162 1
139 172 1
139 154 1
139 192 1
140 143 1
140 198 1
140 189 1
140 157 1
140 169 1
140 176 1
140 194 1
140 200 1
140 175 1
140 154 1
140 153 1
140 151 1
140 148 1
140 174 1
140 185 1
140 186 1
140 145 1
140 159 1
140 196 1
140 191 1
140 165 1
140 149 1
140 179 1
140 166 1
140 197 1
140 160 1
140 177 1
141 182 1
141 200 1
141 173 1
141 144 1
141 198 1
141 178 1
141 186 1
141 163 1
141 185 1
141 164 1
141 179 1
141 176 1
141 149 1
141 161 1
141 158 1
141 168 1
141 180 1
141 150 1
141 160 1
141 153 1
141 197 1
141 194 1
142 170 1
142 183 1
142 149 1
142 191 1
142 154 1
142 172 1
142 184 1
142 190 1
142 182 1
142 180 1
142 188 1
142 144 1
142 194 1
142 169 1
142 148 1
142 162 1
143 194 1
143 151 1
143 183 1
143 172 1
143 173 1
143 158 1
143 181 1
143 163 1
143 147 1
143 169 1
143 146 1
143 174 1
143 160 1
143 152 1
143 178 1
143 196 1
143 149 1
143 156 1
143 185 1
143 168 1
143 200 1
143 175 1
143 190 1
144 161 1
144 175 1
144 191 1
144 170 1
144 196 1
144 149 1
144 184 1
144 158 1
144 190 1
144 157 1
144 171 1
144 177 1
144 147 1
144 172 1
144 174 1
144 156 1
144 187 1
144 155 1
144 195 1
144 164 1
144 194 1
144 186 1
144 154 1
145 184 1
145 156 1
145 192 1
145 166 1
145 179 1
145 190 1
145 182 1
145 169 1
145 162 1
145 147 1
145 194 1
145 185 1
145 170 1
145 168 1
145 164 1
145 175 1
145 149 1
145 191 1
145 154 1
146 197 1
146 167 1
146 171 1
146 189 1
146 162 1
146 199 1
146 159 1
146 152 1
146 157 1
146 200 1
146 153 1
146 149 1
146 191 1
146 186 1
146 187 1
146 172 1
146 192 1
146 169 1
146 195 1
146 168 1
146 173 1
146 158 1
146 184 1
146 188 1
146 194 1
147 159 1
147 197 1
147 161 1
147 169 1
147 192 1
147 191 1
147 188 1
147 181 1
147 173 1
147 160 1
147 198 1
147 189 1
147 174 1
147 149 1
147 154 1
147 157 1
147 193 1
147 179 1
148 192 1
148 172 1
148 155 1
148 177 1
148 185 1
148 184 1
148 176 1
148 187 1
148 179 1
148 186 1
148 161 1
148 168 1
148 190 1
148 196 1
148 151 1
148 189 1
148 169 1
148 188 1
148 171 1
148 156 1
148 165 1
148 181 1
148 195 1
148 197 1
148 157 1
148 150 1
148 178 1
149 168 1
149 181 1
149 154 1
149 170 1
149 192 1
149 177 1
149 184 1
149 158 1
149 198 1
149 195 1
149 199 1
149 161 1
149 174 1
149 159 1
149 153 1
149 169 1
149 167 1
149 179 1
149 194 1
149 178 1
149 182 1
150 156 1
150 154 1
150 168 1
150 155 1
150 159 1
150 183 1
150 172 1
150 151 1
150 169 1
150 157 1
150 180 1
150 188 1
150 182 1
150 158 1
150 160 1
151 155 1
151 177 1
151 167 1
151 174 1
151 173 1
151 172 1
151 192 1
151 153 1
151 196 1
151 158 1
151 169 1
151 199 1
151 160 1
151 198 1
151 165 1
151 162 1
151 161 1
151 187 1
151 164 1
151 182 1
151 176 1
152 197 1
152 170 1
152 196 1
152 192 1
152 164 1
152 184 1
152 194 1
152 176 1
152 200 1
152 189 1
152 190 1
152 165 1
152 186 1
152 154 1
152 195 1
152 174 1
152 168 1
152 199 1
152 173 1
152 180 1
152 153 1
152 193 1
152 198 1
152 162 1
152 155 1
152 163 1
153 178 1
153 190 1
153 165 1
153 194 1
153 189 1
153 163 1
153 191 1
153 155 1
153 161 1
153 156 1
153 174 1
153 197 1
153 176 1
153 162 1
153 171 1
153 188 1
153 168 1
153 157 1
154 172 1
154 170 1
154 174 1
154 168 1
154 175 1
154 189 1
154 173 1
154 158 1
154 177 1
154 176 1
154 155 1
154 199 1
154 165 1
154 192 1
154 182 1
155 163 1
155 184 1
155 176 1
155 166 1
155 171 1
155 169 1
155 159 1
155 156 1
155 165 1
155 172 1
155 160 1
155 168 1
155 180 1
155 175 1
155 197 1
155 174 1
155 186 1
155 194 1
155 185 1
155 158 1
155 170 1
156 176 1
156 196 1
156 164 1
156 194 1
156 189 1
156 166 1
156 175 1
156 160 1
156 158 1
156 167 1
156 157 1
156 187 1
157 162 1
157 173 1
157 181 1
157 172 1
157 177 1
157 186 1
157 171 1
157 194 1
157 190 1
157 178 1
157 192 1
157 169 1
157 193 1
157 197 1
157 174 1
157 195 1
157 164 1
157 200 1
158 173 1
158 191 1
158 187 1
158 172 1
158 199 1
158 159 1
158 175 1
158 185 1
158 197 1
158 168 1
158 184 1
158 200 1
159 197 1
159 174 1
159 193 1
159 188 1
159 166 1
159 171 1
159 161 1
159 192 1
159 200 1
159 196 1
159 181 1
159 194 1
159 172 1
159 173 1
159 186 1
159 175 1
159 160 1
160 162 1
160 192 1
160 182 1
160 190 1
160 199 1
160 168 1
160 200 1
160 185 1
160 169 1
160 177 1
160 175 1
160 163 1
160 161 1
160 172 1
160 198 1
160 173 1
160 171 1
160 196 1
161 182 1
161 174 1
161 175 1
161 169 1
161 179 1
161 173 1
161 191 1
161 162 1
161 199 1
161 195 1
161 168 1
161 184 1
161 198 1
161 166 1
161 177 1
161 186 1
161 180 1
162 172 1
162 182 1
162 199 1
162 192 1
162 171 1
162 174 1
162 188 1
162 163 1
162 190 1
162 186 1
162 191 1
162 170 1
162 195 1
162 189 1
162 196 1
163 193 1
163 173 1
163 184 1
163 179 1
163 170 1
163 187 1
163 178 1
163 189 1
163 172 1
163 200 1
163 174 1
163 190 1
164 185 1
164 173 1
164 183 1
164 200 1
164 198 1
164 191 1
164 174 1
164 197 1
164 176 1
164 194 1
164 165 1
164 181 1
164 182 1
164 170 1
164 171 1
164 199 1
164 189 1
164 192 1
164 193 1
164 179 1
165 192 1
165 170 1
165 182 1
165 191 1
165 173 1
165 176 1
165 178 1
165 177 1
165 196 1
165 184 1
165 171 1
165 175 1
165 198 1
165 167 1
165 183 1
165 180 1
165 181 1
166 182 1
166 169 1
166 198 1
166 171 1
166 175 1
166 196 1
166 188 1
166 178 1
166 186 1
166 191 1
166 184 1
167 187 1
167 171 1
167 180 1
167 190 1
167 183 1
167 169 1
167 184 1
167 197 1
167 172 1
167 181 1
167 191 1
167 195 1
167 173 1
167 198 1
167 192 1
168 174 1
168 200 1
168 181 1
168 187 1
168 175 1
168 173 1
168 179 1
168 178 1
168 190 1
168 171 1
168 183 1
168 188 1
168 195 1
168 197 1
168 185 1
168 172 1
168 189 1
168 177 1
168 169 1
169 171 1
169 179 1
169 199 1
169 178 1
169 195 1
169 170 1
169 173 1
169 177 1
169 187 1
169 186 1
169 193 1
169 182 1
169 180 1
169 191 1
169 172 1
169 174 1
170 194 1
170 191 1
170 180 1
170 197 1
170 195 1
170 198 1
170 174 1
170 182 1
170 187 1
170 183 1
170 196 1
170 178 1
170 188 1
171 180 1
171 177 1
171 198 1
171 190 1
171 179 1
171 197 1
171 183 1
171 188 1
171 172 1
171 174 1
172 184 1
172 179 1
172 182 1
172 200 1
172 185 1
172 187 1
172 175 1
172 188 1
172 193 1
173 181 1
173 195 1
173 180 1
173 193 1
173 182 1
173 189 1
173 188 1
173 190 1
173 187 1
173 191 1
173 175 1
173 177 1
174 178 1
174 182 1
174 185 1
174 196 1
174 197 1
174 184 1
174 175 1
174 183 1
175 177 1
175 178 1
175 194 1
175 200 1
175 189 1
175 182 1
175 184 1
176 184 1
176 190 1
176 196 1
176 183 1
176 179 1
176 181 1
176 185 1
176 187 1
177 194 1
177 199 1
177 186 1
177 198 1
177 178 1
178 182 1
178 192 1
178 197 1
178 179 1
178 199 1
178 188 1
178 200 1
178 189 1
178 195 1
178 190 1
179 188 1
179 199 1
179 183 1
179 194 1
179 184 1
179 195 1
179 181 1
179 189 1
180 193 1
180 189 1
180 188 1
180 182 1
180 185 1
180 192 1
180 183 1
180 184 1
180 190 1
180 196 1
180 181 1
181 199 1
181 198 1
181 189 1
181 183 1
182 196 1
182 200 1
182 188 1
182 184 1
182 185 1
182 190 1
182 197 1
182 194 1
183 198 1
183 185 1
183 196 1
183 199 1
183 189 1
183 197 1
184 197 1
184 193 1
184 198 1
184 189 1
184 192 1
184 199 1
185 199 1
185 186 1
185 197 1
185 188 1
185 196 1
185 192 1
186 187 1
186 193 1
186 195 1
186 188 1
186 190 1
186 192 1
186 198 1
187 189 1
187 195 1
187 199 1
188 194 1
188 191 1
188 197 1
188 200 1
188 195 1
188 192 1
188 199 1
189 197 1
189 193 1
189 194 1
189 199 1
189 191 1
190 195 1
190 191 1
190 192 1
190 197 1
190 198 1
191 193 1
191 196 1
192 200 1
192 198 1
193 195 1
193 197 1
193 194 1
194 195 1
195 199 1
195 200 1
196 200 1
196 199 1
