200 9950 
1 8 1
1 100 1
1 193 1
1 138 1
1 98 1
1 41 1
1 128 1
1 17 1
1 164 1
1 74 1
1 36 1
1 47 1
1 20 1
1 180 1
1 27 1
1 156 1
1 133 1
1 153 1
1 113 1
1 42 1
1 71 1
1 182 1
1 163 1
1 91 1
1 158 1
1 125 1
1 169 1
1 86 1
1 179 1
1 191 1
1 82 1
1 162 1
1 26 1
1 34 1
1 192 1
1 93 1
1 190 1
1 146 1
1 69 1
1 171 1
1 23 1
1 119 1
1 3 1
1 118 1
1 58 1
1 142 1
1 152 1
1 188 1
1 200 1
1 25 1
1 46 1
1 160 1
1 70 1
1 10 1
1 65 1
1 81 1
1 149 1
1 109 1
1 87 1
1 21 1
1 28 1
1 130 1
1 136 1
1 96 1
1 181 1
1 77 1
1 115 1
1 48 1
1 79 1
1 184 1
1 199 1
1 178 1
1 187 1
1 35 1
1 44 1
1 176 1
1 147 1
1 6 1
1 175 1
1 66 1
1 140 1
1 198 1
2 120 1
2 11 1
2 26 1
2 109 1
2 44 1
2 48 1
2 185 1
2 108 1
2 106 1
2 47 1
2 177 1
2 170 1
2 60 1
2 159 1
2 76 1
2 194 1
2 94 1
2 92 1
2 51 1
2 144 1
2 196 1
2 4 1
2 34 1
2 107 1
2 187 1
2 3 1
2 87 1
2 95 1
2 146 1
2 86 1
2 83 1
2 69 1
2 28 1
2 72 1
2 61 1
2 122 1
2 16 1
2 152 1
2 142 1
2 97 1
2 121 1
2 171 1
2 141 1
2 129 1
2 77 1
2 66 1
2 43 1
2 57 1
2 151 1
2 29 1
2 17 1
2 140 1
2 179 1
2 45 1
2 198 1
2 178 1
2 132 1
2 12 1
2 7 1
2 126 1
2 71 1
2 137 1
2 169 1
2 111 1
2 39 1
2 33 1
2 58 1
2 14 1
2 41 1
2 31 1
2 32 1
2 119 1
2 160 1
2 163 1
2 36 1
2 134 1
2 100 1
2 98 1
2 85 1
2 68 1
2 191 1
2 145 1
2 113 1
2 166 1
2 81 1
2 9 1
2 37 1
2 70 1
2 133 1
2 25 1
2 110 1
2 162 1
2 6 1
2 200 1
2 30 1
2 123 1
2 90 1
2 18 1
2 105 1
3 66 1
3 140 1
3 31 1
3 180 1
3 81 1
3 99 1
3 120 1
3 160 1
3 52 1
3 30 1
3 92 1
3 184 1
3 54 1
3 34 1
3 67 1
3 61 1
3 130 1
3 40 1
3 75 1
3 32 1
3 121 1
3 108 1
3 147 1
3 47 1
3 166 1
3 111 1
3 10 1
3 126 1
3 122 1
3 148 1
3 168 1
3 36 1
3 14 1
3 105 1
3 85 1
3 23 1
3 96 1
3 50 1
3 198 1
3 16 1
3 161 1
3 13 1
3 145 1
3 154 1
3 139 1
3 127 1
3 60 1
3 44 1
3 43 1
3 197 1
3 118 1
3 11 1
3 89 1
3 101 1
3 191 1
3 110 1
3 57 1
3 142 1
3 64 1
3 97 1
3 200 1
3 69 1
3 141 1
3 27 1
3 189 1
3 88 1
3 91 1
3 63 1
3 181 1
3 42 1
3 149 1
3 9 1
3 163 1
3 131 1
3 35 1
3 152 1
3 107 1
3 103 1
3 174 1
3 4 1
3 21 1
3 195 1
3 22 1
3 169 1
3 38 1
3 51 1
3 8 1
3 167 1
3 187 1
3 114 1
3 49 1
3 123 1
3 25 1
4 159 1
4 157 1
4 62 1
4 171 1
4 111 1
4 99 1
4 122 1
4 125 1
4 49 1
4 190 1
4 101 1
4 146 1
4 133 1
4 45 1
4 156 1
4 126 1
4 173 1
4 199 1
4 115 1
4 66 1
4 178 1
4 149 1
4 170 1
4 195 1
4 46 1
4 145 1
4 180 1
4 196 1
4 80 1
4 92 1
4 41 1
4 87 1
4 22 1
4 74 1
4 48 1
4 192 1
4 193 1
4 130 1
4 38 1
4 158 1
4 47 1
4 110 1
4 28 1
4 77 1
4 43 1
4 175 1
4 27 1
4 91 1
4 142 1
4 148 1
4 152 1
4 26 1
4 104 1
4 13 1
4 34 1
4 35 1
4 15 1
4 19 1
4 93 1
4 84 1
4 53 1
4 200 1
4 198 1
4 10 1
4 71 1
4 79 1
4 86 1
4 21 1
4 9 1
4 197 1
4 17 1
4 106 1
4 96 1
4 137 1
4 51 1
4 68 1
4 182 1
4 167 1
4 188 1
4 140 1
4 11 1
4 120 1
4 103 1
4 98 1
4 69 1
4 174 1
4 164 1
4 124 1
4 12 1
4 61 1
4 112 1
4 179 1
4 172 1
4 134 1
4 154 1
4 18 1
4 81 1
4 114 1
4 109 1
4 139 1
4 141 1
4 60 1
5 14 1
5 33 1
5 179 1
5 24 1
5 66 1
5 8 1
5 150 1
5 157 1
5 42 1
5 87 1
5 35 1
5 147 1
5 181 1
5 131 1
5 75 1
5 37 1
5 93 1
5 140 1
5 187 1
5 26 1
5 39 1
5 153 1
5 13 1
5 163 1
5 48 1
5 139 1
5 117 1
5 128 1
5 108 1
5 121 1
5 130 1
5 59 1
5 90 1
5 190 1
5 94 1
5 31 1
5 28 1
5 100 1
5 183 1
5 182 1
5 127 1
5 27 1
5 129 1
5 91 1
5 120 1
5 123 1
5 96 1
5 25 1
5 98 1
5 158 1
5 74 1
5 105 1
5 22 1
5 136 1
5 56 1
5 89 1
5 69 1
5 63 1
5 166 1
5 34 1
5 180 1
5 46 1
5 76 1
5 186 1
5 143 1
5 101 1
5 65 1
5 71 1
5 53 1
5 159 1
5 170 1
5 149 1
5 47 1
5 184 1
5 177 1
5 160 1
5 191 1
5 92 1
5 29 1
5 40 1
5 169 1
5 7 1
5 73 1
5 51 1
5 38 1
5 61 1
5 80 1
5 134 1
5 132 1
5 144 1
5 146 1
5 185 1
5 17 1
5 107 1
5 112 1
5 124 1
5 57 1
5 118 1
5 195 1
5 19 1
5 161 1
5 198 1
5 125 1
5 21 1
5 70 1
5 188 1
5 10 1
5 68 1
6 106 1
6 71 1
6 144 1
6 107 1
6 90 1
6 76 1
6 123 1
6 37 1
6 16 1
6 66 1
6 56 1
6 186 1
6 19 1
6 7 1
6 75 1
6 116 1
6 45 1
6 179 1
6 41 1
6 104 1
6 21 1
6 136 1
6 91 1
6 115 1
6 189 1
6 38 1
6 77 1
6 12 1
6 126 1
6 67 1
6 120 1
6 97 1
6 52 1
6 99 1
6 109 1
6 60 1
6 195 1
6 176 1
6 20 1
6 29 1
6 14 1
6 39 1
6 13 1
6 119 1
6 31 1
6 26 1
6 124 1
6 34 1
6 62 1
6 88 1
6 61 1
6 193 1
6 86 1
6 145 1
6 28 1
6 118 1
6 27 1
6 82 1
6 169 1
6 168 1
6 93 1
6 194 1
6 36 1
6 72 1
6 166 1
6 154 1
6 51 1
6 81 1
6 43 1
6 121 1
6 191 1
6 125 1
6 132 1
6 170 1
6 96 1
6 89 1
6 156 1
6 17 1
6 135 1
6 151 1
6 63 1
6 181 1
6 138 1
6 49 1
6 95 1
6 54 1
6 114 1
6 182 1
6 175 1
6 117 1
6 130 1
6 87 1
6 163 1
6 46 1
6 196 1
6 40 1
6 180 1
6 172 1
6 10 1
6 70 1
7 11 1
7 42 1
7 12 1
7 15 1
7 200 1
7 164 1
7 155 1
7 65 1
7 143 1
7 136 1
7 107 1
7 193 1
7 104 1
7 43 1
7 153 1
7 32 1
7 57 1
7 196 1
7 78 1
7 140 1
7 91 1
7 197 1
7 53 1
7 68 1
7 39 1
7 174 1
7 87 1
7 105 1
7 191 1
7 95 1
7 72 1
7 41 1
7 139 1
7 25 1
7 99 1
7 36 1
7 101 1
7 70 1
7 46 1
7 133 1
7 83 1
7 186 1
7 35 1
7 102 1
7 50 1
7 179 1
7 180 1
7 146 1
7 132 1
7 110 1
7 71 1
7 124 1
7 26 1
7 118 1
7 190 1
7 122 1
7 116 1
7 114 1
7 16 1
7 161 1
7 33 1
7 185 1
7 170 1
7 178 1
7 189 1
7 18 1
7 135 1
7 64 1
7 149 1
7 147 1
7 52 1
7 84 1
7 123 1
7 66 1
7 168 1
7 28 1
7 134 1
7 109 1
7 10 1
7 119 1
7 131 1
7 61 1
7 56 1
7 173 1
7 24 1
7 98 1
7 8 1
7 151 1
7 130 1
7 86 1
7 115 1
7 67 1
7 169 1
7 45 1
7 194 1
7 31 1
7 166 1
7 37 1
8 43 1
8 101 1
8 200 1
8 138 1
8 21 1
8 162 1
8 15 1
8 79 1
8 42 1
8 39 1
8 105 1
8 13 1
8 140 1
8 112 1
8 148 1
8 116 1
8 182 1
8 170 1
8 48 1
8 44 1
8 37 1
8 154 1
8 179 1
8 51 1
8 160 1
8 130 1
8 141 1
8 50 1
8 192 1
8 96 1
8 23 1
8 143 1
8 139 1
8 52 1
8 40 1
8 183 1
8 109 1
8 70 1
8 152 1
8 66 1
8 11 1
8 25 1
8 89 1
8 159 1
8 169 1
8 118 1
8 196 1
8 145 1
8 12 1
8 104 1
8 164 1
8 134 1
8 133 1
8 68 1
8 85 1
8 84 1
8 18 1
8 149 1
8 55 1
8 9 1
8 110 1
8 22 1
8 156 1
8 165 1
8 122 1
8 117 1
8 76 1
8 81 1
8 99 1
8 163 1
8 94 1
8 184 1
8 36 1
8 172 1
8 190 1
8 188 1
8 198 1
8 161 1
8 120 1
8 47 1
8 193 1
8 189 1
8 146 1
8 74 1
8 41 1
8 46 1
8 73 1
8 71 1
8 16 1
8 115 1
8 26 1
8 176 1
8 91 1
8 126 1
8 49 1
8 31 1
9 115 1
9 193 1
9 134 1
9 132 1
9 71 1
9 173 1
9 28 1
9 155 1
9 114 1
9 82 1
9 18 1
9 29 1
9 186 1
9 49 1
9 175 1
9 182 1
9 14 1
9 140 1
9 117 1
9 176 1
9 32 1
9 78 1
9 159 1
9 181 1
9 188 1
9 164 1
9 85 1
9 101 1
9 141 1
9 55 1
9 69 1
9 167 1
9 199 1
9 15 1
9 131 1
9 111 1
9 11 1
9 59 1
9 170 1
9 90 1
9 35 1
9 116 1
9 185 1
9 16 1
9 100 1
9 128 1
9 113 1
9 33 1
9 153 1
9 30 1
9 12 1
9 58 1
9 46 1
9 156 1
9 93 1
9 60 1
9 41 1
9 68 1
9 87 1
9 45 1
9 142 1
9 133 1
9 22 1
9 36 1
9 65 1
9 63 1
9 51 1
9 187 1
9 146 1
9 191 1
9 40 1
9 23 1
9 80 1
9 172 1
9 180 1
9 39 1
9 144 1
9 10 1
9 75 1
9 95 1
9 125 1
9 61 1
9 83 1
9 127 1
9 64 1
9 47 1
9 145 1
9 196 1
9 143 1
9 42 1
9 86 1
9 189 1
9 149 1
9 106 1
9 122 1
9 31 1
9 53 1
9 24 1
9 118 1
9 38 1
9 107 1
9 148 1
9 138 1
9 184 1
10 152 1
10 167 1
10 35 1
10 164 1
10 130 1
10 78 1
10 153 1
10 26 1
10 197 1
10 11 1
10 34 1
10 95 1
10 116 1
10 24 1
10 87 1
10 53 1
10 194 1
10 126 1
10 157 1
10 79 1
10 144 1
10 117 1
10 61 1
10 139 1
10 39 1
10 101 1
10 180 1
10 81 1
10 86 1
10 112 1
10 190 1
10 68 1
10 15 1
10 137 1
10 76 1
10 192 1
10 176 1
10 132 1
10 17 1
10 111 1
10 179 1
10 100 1
10 165 1
10 59 1
10 171 1
10 129 1
10 54 1
10 93 1
10 62 1
10 113 1
10 158 1
10 58 1
10 44 1
10 188 1
10 12 1
10 73 1
10 84 1
10 50 1
10 177 1
10 151 1
10 13 1
10 174 1
10 148 1
10 80 1
10 96 1
10 122 1
10 21 1
10 150 1
10 182 1
10 133 1
10 168 1
10 184 1
10 195 1
10 48 1
10 107 1
10 169 1
10 108 1
10 135 1
10 114 1
10 120 1
10 70 1
10 106 1
10 136 1
10 18 1
10 66 1
10 88 1
10 118 1
10 30 1
10 131 1
10 181 1
10 142 1
10 146 1
10 33 1
10 77 1
10 115 1
10 128 1
10 41 1
10 156 1
10 65 1
10 92 1
10 32 1
10 199 1
11 132 1
11 153 1
11 87 1
11 35 1
11 142 1
11 180 1
11 157 1
11 66 1
11 25 1
11 179 1
11 65 1
11 28 1
11 79 1
11 38 1
11 91 1
11 134 1
11 109 1
11 150 1
11 200 1
11 43 1
11 55 1
11 93 1
11 53 1
11 128 1
11 146 1
11 95 1
11 12 1
11 115 1
11 100 1
11 117 1
11 110 1
11 195 1
11 92 1
11 59 1
11 16 1
11 84 1
11 162 1
11 138 1
11 123 1
11 139 1
11 181 1
11 136 1
11 130 1
11 118 1
11 120 1
11 34 1
11 124 1
11 127 1
11 67 1
11 161 1
11 154 1
11 26 1
11 149 1
11 174 1
11 103 1
11 52 1
11 32 1
11 166 1
11 24 1
11 158 1
11 20 1
11 191 1
11 108 1
11 58 1
11 197 1
11 64 1
11 49 1
11 159 1
11 74 1
11 88 1
11 176 1
11 72 1
11 129 1
11 107 1
11 99 1
11 164 1
11 27 1
11 22 1
11 111 1
11 13 1
11 105 1
11 85 1
11 102 1
11 57 1
11 104 1
11 71 1
12 18 1
12 44 1
12 153 1
12 66 1
12 34 1
12 72 1
12 68 1
12 192 1
12 175 1
12 15 1
12 36 1
12 103 1
12 22 1
12 114 1
12 113 1
12 99 1
12 138 1
12 39 1
12 166 1
12 83 1
12 45 1
12 23 1
12 49 1
12 85 1
12 75 1
12 25 1
12 200 1
12 124 1
12 19 1
12 57 1
12 133 1
12 190 1
12 53 1
12 79 1
12 35 1
12 143 1
12 95 1
12 86 1
12 180 1
12 73 1
12 136 1
12 183 1
12 179 1
12 154 1
12 130 1
12 147 1
12 186 1
12 105 1
12 107 1
12 41 1
12 70 1
12 84 1
12 152 1
12 94 1
12 193 1
12 17 1
12 126 1
12 89 1
12 40 1
12 167 1
12 52 1
12 14 1
12 185 1
12 96 1
12 144 1
12 69 1
12 173 1
12 51 1
12 78 1
12 48 1
12 174 1
12 87 1
12 118 1
12 129 1
12 76 1
12 162 1
12 164 1
12 28 1
12 88 1
13 22 1
13 31 1
13 68 1
13 178 1
13 137 1
13 48 1
13 118 1
13 114 1
13 93 1
13 166 1
13 102 1
13 167 1
13 76 1
13 122 1
13 141 1
13 180 1
13 56 1
13 149 1
13 133 1
13 35 1
13 57 1
13 169 1
13 157 1
13 120 1
13 89 1
13 77 1
13 127 1
13 184 1
13 154 1
13 26 1
13 105 1
13 20 1
13 70 1
13 21 1
13 30 1
13 61 1
13 115 1
13 129 1
13 97 1
13 187 1
13 16 1
13 50 1
13 99 1
13 135 1
13 119 1
13 189 1
13 193 1
13 132 1
13 29 1
13 32 1
13 162 1
13 170 1
13 59 1
13 19 1
13 86 1
13 49 1
13 156 1
13 183 1
13 179 1
13 58 1
13 142 1
13 83 1
13 185 1
13 175 1
13 54 1
13 194 1
13 140 1
13 18 1
13 52 1
13 39 1
13 87 1
13 164 1
13 106 1
13 191 1
13 150 1
13 45 1
13 14 1
13 152 1
13 98 1
13 85 1
13 121 1
13 23 1
13 117 1
13 171 1
13 131 1
13 145 1
13 96 1
13 200 1
13 17 1
13 101 1
13 27 1
13 188 1
13 51 1
13 95 1
13 186 1
13 130 1
13 182 1
13 198 1
13 90 1
13 199 1
13 146 1
13 155 1
13 161 1
13 197 1
13 148 1
14 45 1
14 153 1
14 111 1
14 150 1
14 197 1
14 31 1
14 68 1
14 32 1
14 34 1
14 52 1
14 49 1
14 107 1
14 178 1
14 136 1
14 101 1
14 162 1
14 114 1
14 96 1
14 66 1
14 93 1
14 154 1
14 120 1
14 186 1
14 133 1
14 75 1
14 189 1
14 105 1
14 192 1
14 173 1
14 130 1
14 199 1
14 176 1
14 184 1
14 183 1
14 83 1
14 132 1
14 40 1
14 51 1
14 60 1
14 41 1
14 167 1
14 131 1
14 137 1
14 148 1
14 193 1
14 94 1
14 56 1
14 21 1
14 61 1
14 65 1
14 187 1
14 126 1
14 140 1
14 110 1
14 174 1
14 42 1
14 91 1
14 26 1
14 33 1
14 39 1
14 24 1
14 74 1
14 63 1
14 82 1
14 67 1
14 85 1
14 198 1
14 58 1
14 194 1
14 29 1
14 128 1
14 78 1
14 37 1
14 36 1
14 161 1
14 89 1
14 172 1
14 16 1
14 98 1
14 20 1
14 102 1
14 168 1
14 190 1
14 92 1
14 141 1
14 159 1
14 118 1
14 143 1
14 95 1
14 156 1
14 97 1
14 25 1
14 54 1
14 151 1
14 123 1
14 38 1
14 17 1
14 135 1
14 196 1
14 158 1
15 73 1
15 175 1
15 32 1
15 171 1
15 98 1
15 93 1
15 29 1
15 177 1
15 174 1
15 72 1
15 163 1
15 189 1
15 165 1
15 46 1
15 78 1
15 51 1
15 101 1
15 196 1
15 142 1
15 159 1
15 122 1
15 195 1
15 172 1
15 39 1
15 145 1
15 176 1
15 124 1
15 33 1
15 161 1
15 22 1
15 60 1
15 170 1
15 18 1
15 35 1
15 157 1
15 116 1
15 45 1
15 99 1
15 43 1
15 130 1
15 62 1
15 191 1
15 188 1
15 85 1
15 183 1
15 180 1
15 71 1
15 110 1
15 100 1
15 117 1
15 151 1
15 34 1
15 164 1
15 58 1
15 47 1
15 192 1
15 56 1
15 120 1
15 88 1
15 149 1
15 198 1
15 96 1
15 111 1
15 141 1
15 169 1
15 105 1
15 64 1
15 107 1
15 199 1
15 115 1
15 143 1
15 197 1
15 36 1
15 150 1
15 23 1
15 146 1
15 186 1
15 187 1
15 83 1
15 87 1
15 132 1
15 136 1
15 148 1
15 139 1
15 38 1
15 134 1
15 179 1
15 59 1
15 125 1
15 184 1
15 173 1
15 63 1
15 49 1
15 30 1
15 94 1
15 55 1
15 138 1
15 119 1
15 137 1
15 129 1
15 121 1
15 67 1
15 24 1
15 154 1
15 37 1
16 85 1
16 49 1
16 28 1
16 20 1
16 87 1
16 82 1
16 125 1
16 150 1
16 165 1
16 90 1
16 148 1
16 107 1
16 121 1
16 86 1
16 56 1
16 143 1
16 105 1
16 175 1
16 147 1
16 154 1
16 164 1
16 19 1
16 35 1
16 129 1
16 18 1
16 32 1
16 152 1
16 39 1
16 79 1
16 91 1
16 58 1
16 71 1
16 76 1
16 187 1
16 98 1
16 63 1
16 88 1
16 174 1
16 140 1
16 24 1
16 190 1
16 158 1
16 184 1
16 171 1
16 67 1
16 124 1
16 118 1
16 113 1
16 59 1
16 84 1
16 40 1
16 114 1
16 97 1
16 29 1
16 104 1
16 136 1
16 141 1
16 52 1
16 48 1
16 23 1
16 145 1
16 183 1
16 100 1
16 137 1
16 64 1
16 123 1
16 60 1
16 103 1
16 62 1
16 169 1
16 36 1
16 115 1
16 80 1
16 178 1
16 199 1
16 180 1
16 78 1
16 112 1
16 22 1
16 75 1
16 43 1
16 31 1
16 131 1
16 144 1
16 128 1
16 41 1
16 200 1
16 95 1
16 170 1
16 156 1
16 197 1
16 179 1
16 42 1
16 65 1
16 176 1
16 66 1
16 89 1
16 195 1
16 142 1
16 30 1
16 168 1
17 121 1
17 106 1
17 200 1
17 124 1
17 199 1
17 182 1
17 181 1
17 92 1
17 118 1
17 123 1
17 176 1
17 46 1
17 188 1
17 28 1
17 24 1
17 70 1
17 43 1
17 32 1
17 42 1
17 58 1
17 139 1
17 51 1
17 103 1
17 38 1
17 180 1
17 55 1
17 95 1
17 81 1
17 138 1
17 84 1
17 129 1
17 126 1
17 187 1
17 165 1
17 130 1
17 60 1
17 99 1
17 94 1
17 93 1
17 164 1
17 82 1
17 127 1
17 67 1
17 196 1
17 117 1
17 144 1
17 132 1
17 184 1
17 152 1
17 128 1
17 98 1
17 102 1
17 194 1
17 64 1
17 173 1
17 154 1
17 49 1
17 109 1
17 91 1
17 52 1
17 174 1
17 104 1
17 76 1
17 133 1
17 34 1
17 50 1
17 79 1
17 35 1
17 40 1
17 66 1
17 141 1
17 23 1
17 190 1
17 72 1
17 168 1
17 47 1
17 172 1
17 22 1
17 87 1
17 155 1
17 169 1
17 48 1
17 119 1
17 143 1
18 168 1
18 93 1
18 166 1
18 94 1
18 81 1
18 106 1
18 43 1
18 158 1
18 162 1
18 145 1
18 169 1
18 78 1
18 142 1
18 197 1
18 159 1
18 22 1
18 102 1
18 150 1
18 161 1
18 108 1
18 171 1
18 110 1
18 113 1
18 98 1
18 190 1
18 49 1
18 101 1
18 173 1
18 72 1
18 48 1
18 185 1
18 188 1
18 147 1
18 192 1
18 125 1
18 21 1
18 157 1
18 68 1
18 75 1
18 90 1
18 182 1
18 66 1
18 20 1
18 63 1
18 79 1
18 136 1
18 124 1
18 137 1
18 107 1
18 148 1
18 187 1
18 50 1
18 195 1
18 163 1
18 120 1
18 134 1
18 116 1
18 65 1
18 74 1
18 130 1
18 97 1
18 31 1
18 129 1
18 167 1
18 61 1
18 183 1
18 76 1
18 57 1
18 67 1
18 143 1
18 44 1
18 141 1
18 58 1
18 100 1
18 73 1
18 149 1
18 138 1
18 133 1
18 109 1
18 184 1
18 179 1
18 132 1
19 155 1
19 68 1
19 123 1
19 104 1
19 146 1
19 173 1
19 151 1
19 142 1
19 69 1
19 134 1
19 86 1
19 49 1
19 74 1
19 137 1
19 182 1
19 156 1
19 174 1
19 167 1
19 165 1
19 143 1
19 114 1
19 76 1
19 125 1
19 93 1
19 32 1
19 113 1
19 103 1
19 168 1
19 199 1
19 72 1
19 177 1
19 36 1
19 89 1
19 163 1
19 31 1
19 191 1
19 66 1
19 196 1
19 120 1
19 97 1
19 55 1
19 50 1
19 39 1
19 64 1
19 138 1
19 132 1
19 33 1
19 95 1
19 57 1
19 150 1
19 79 1
19 116 1
19 51 1
19 133 1
19 30 1
19 127 1
19 148 1
19 112 1
19 136 1
19 58 1
19 169 1
19 48 1
19 106 1
19 102 1
19 170 1
19 198 1
19 188 1
19 160 1
19 47 1
19 166 1
19 70 1
19 158 1
19 63 1
19 179 1
19 189 1
19 110 1
19 149 1
19 200 1
19 94 1
20 143 1
20 69 1
20 128 1
20 65 1
20 96 1
20 38 1
20 72 1
20 109 1
20 49 1
20 85 1
20 119 1
20 45 1
20 162 1
20 135 1
20 132 1
20 166 1
20 110 1
20 31 1
20 58 1
20 93 1
20 66 1
20 108 1
20 165 1
20 40 1
20 99 1
20 30 1
20 160 1
20 167 1
20 70 1
20 47 1
20 63 1
20 34 1
20 105 1
20 41 1
20 147 1
20 91 1
20 173 1
20 32 1
20 126 1
20 59 1
20 184 1
20 112 1
20 53 1
20 56 1
20 199 1
20 186 1
20 23 1
20 187 1
20 76 1
20 125 1
20 158 1
20 84 1
20 46 1
20 153 1
20 156 1
20 159 1
20 42 1
20 64 1
20 82 1
20 88 1
20 97 1
20 161 1
20 86 1
20 172 1
20 29 1
20 175 1
20 54 1
20 185 1
20 57 1
20 171 1
20 107 1
20 61 1
20 168 1
20 115 1
20 130 1
20 189 1
20 133 1
20 163 1
20 74 1
20 197 1
20 144 1
20 67 1
20 71 1
20 121 1
20 51 1
20 176 1
20 200 1
20 188 1
20 114 1
20 104 1
20 145 1
20 100 1
21 121 1
21 86 1
21 165 1
21 82 1
21 145 1
21 116 1
21 55 1
21 154 1
21 180 1
21 167 1
21 107 1
21 69 1
21 35 1
21 127 1
21 123 1
21 95 1
21 94 1
21 56 1
21 113 1
21 147 1
21 98 1
21 42 1
21 150 1
21 176 1
21 174 1
21 101 1
21 173 1
21 68 1
21 28 1
21 72 1
21 149 1
21 125 1
21 46 1
21 194 1
21 45 1
21 155 1
21 87 1
21 52 1
21 184 1
21 106 1
21 139 1
21 132 1
21 31 1
21 136 1
21 47 1
21 43 1
21 96 1
21 81 1
21 83 1
21 193 1
21 122 1
21 100 1
21 30 1
21 54 1
21 104 1
21 112 1
21 61 1
21 89 1
21 78 1
21 141 1
21 157 1
21 33 1
21 170 1
21 90 1
21 65 1
21 32 1
21 62 1
21 57 1
21 142 1
21 144 1
21 59 1
21 41 1
21 187 1
21 39 1
21 134 1
21 110 1
21 24 1
21 74 1
21 175 1
21 84 1
21 196 1
21 37 1
21 114 1
21 164 1
21 27 1
22 34 1
22 47 1
22 29 1
22 181 1
22 120 1
22 115 1
22 141 1
22 140 1
22 72 1
22 131 1
22 169 1
22 68 1
22 122 1
22 168 1
22 88 1
22 37 1
22 137 1
22 155 1
22 35 1
22 79 1
22 46 1
22 129 1
22 110 1
22 165 1
22 42 1
22 93 1
22 100 1
22 149 1
22 66 1
22 180 1
22 30 1
22 89 1
22 53 1
22 162 1
22 124 1
22 77 1
22 48 1
22 136 1
22 62 1
22 163 1
22 133 1
22 58 1
22 116 1
22 143 1
22 99 1
22 36 1
22 83 1
22 184 1
22 109 1
22 126 1
22 51 1
22 82 1
22 160 1
22 144 1
22 90 1
22 123 1
22 157 1
22 174 1
22 26 1
22 39 1
22 187 1
22 33 1
22 199 1
22 182 1
22 55 1
22 80 1
22 54 1
22 67 1
22 148 1
22 158 1
22 134 1
22 52 1
22 117 1
22 111 1
22 105 1
22 156 1
22 121 1
22 118 1
22 130 1
22 25 1
22 78 1
22 91 1
22 27 1
22 106 1
23 84 1
23 88 1
23 57 1
23 199 1
23 187 1
23 77 1
23 78 1
23 52 1
23 35 1
23 111 1
23 60 1
23 151 1
23 107 1
23 131 1
23 99 1
23 43 1
23 37 1
23 65 1
23 123 1
23 39 1
23 42 1
23 113 1
23 120 1
23 153 1
23 30 1
23 73 1
23 105 1
23 82 1
23 149 1
23 40 1
23 162 1
23 158 1
23 145 1
23 127 1
23 64 1
23 67 1
23 58 1
23 68 1
23 147 1
23 86 1
23 140 1
23 62 1
23 75 1
23 85 1
23 98 1
23 119 1
23 200 1
23 173 1
23 167 1
23 38 1
23 196 1
23 124 1
23 118 1
23 165 1
23 161 1
23 163 1
23 50 1
23 169 1
23 92 1
23 181 1
23 129 1
23 157 1
23 197 1
23 156 1
23 182 1
23 186 1
23 41 1
23 96 1
23 142 1
23 133 1
23 176 1
23 61 1
23 143 1
23 29 1
23 179 1
23 180 1
23 121 1
23 177 1
23 72 1
23 100 1
23 193 1
23 104 1
23 54 1
23 46 1
23 137 1
23 192 1
24 92 1
24 62 1
24 67 1
24 74 1
24 59 1
24 34 1
24 52 1
24 79 1
24 73 1
24 158 1
24 157 1
24 42 1
24 133 1
24 151 1
24 38 1
24 195 1
24 134 1
24 58 1
24 78 1
24 147 1
24 27 1
24 136 1
24 186 1
24 116 1
24 123 1
24 39 1
24 51 1
24 64 1
24 185 1
24 180 1
24 41 1
24 103 1
24 86 1
24 156 1
24 54 1
24 71 1
24 97 1
24 75 1
24 115 1
24 84 1
24 150 1
24 145 1
24 28 1
24 125 1
24 155 1
24 31 1
24 166 1
24 153 1
24 81 1
24 126 1
24 193 1
24 91 1
24 175 1
24 172 1
24 108 1
24 77 1
24 196 1
24 70 1
24 94 1
24 55 1
24 141 1
24 178 1
24 159 1
24 109 1
24 57 1
24 104 1
24 160 1
24 47 1
24 128 1
24 65 1
24 49 1
24 95 1
24 187 1
24 82 1
24 66 1
24 118 1
24 85 1
24 107 1
24 56 1
24 48 1
24 50 1
24 60 1
24 146 1
24 25 1
24 44 1
24 182 1
24 163 1
24 93 1
25 137 1
25 62 1
25 149 1
25 177 1
25 183 1
25 123 1
25 195 1
25 124 1
25 106 1
25 85 1
25 65 1
25 194 1
25 182 1
25 33 1
25 40 1
25 180 1
25 64 1
25 56 1
25 60 1
25 70 1
25 51 1
25 193 1
25 59 1
25 148 1
25 184 1
25 139 1
25 159 1
25 84 1
25 170 1
25 97 1
25 30 1
25 104 1
25 48 1
25 167 1
25 118 1
25 165 1
25 94 1
25 72 1
25 136 1
25 83 1
25 81 1
25 92 1
25 175 1
25 98 1
25 54 1
25 132 1
25 153 1
25 109 1
25 171 1
25 112 1
25 168 1
25 188 1
25 95 1
25 192 1
25 160 1
25 26 1
25 86 1
25 155 1
25 91 1
25 111 1
25 172 1
25 196 1
25 191 1
25 39 1
25 43 1
25 45 1
25 179 1
25 68 1
25 57 1
25 76 1
25 164 1
25 120 1
25 127 1
25 67 1
25 100 1
25 152 1
25 63 1
25 73 1
25 185 1
25 161 1
25 126 1
25 110 1
25 93 1
25 35 1
25 99 1
25 142 1
25 176 1
25 31 1
25 189 1
25 42 1
25 29 1
25 133 1
25 115 1
25 46 1
25 50 1
25 71 1
25 151 1
25 105 1
25 41 1
26 45 1
26 195 1
26 152 1
26 143 1
26 33 1
26 160 1
26 81 1
26 177 1
26 68 1
26 117 1
26 184 1
26 173 1
26 52 1
26 156 1
26 169 1
26 137 1
26 40 1
26 107 1
26 132 1
26 135 1
26 181 1
26 51 1
26 153 1
26 199 1
26 73 1
26 119 1
26 197 1
26 136 1
26 146 1
26 172 1
26 110 1
26 78 1
26 178 1
26 147 1
26 64 1
26 37 1
26 130 1
26 94 1
26 150 1
26 196 1
26 75 1
26 179 1
26 113 1
26 55 1
26 93 1
26 145 1
26 102 1
26 43 1
26 41 1
26 54 1
26 144 1
26 100 1
26 80 1
26 90 1
26 116 1
26 86 1
26 183 1
26 50 1
26 129 1
26 126 1
26 31 1
26 138 1
26 114 1
26 49 1
26 133 1
26 166 1
26 44 1
26 159 1
26 57 1
26 141 1
26 96 1
26 122 1
26 32 1
26 192 1
26 198 1
26 139 1
26 128 1
26 104 1
26 174 1
26 48 1
26 190 1
26 157 1
26 46 1
26 155 1
26 98 1
26 29 1
26 112 1
26 193 1
26 188 1
26 167 1
26 58 1
26 124 1
26 106 1
26 187 1
27 121 1
27 167 1
27 135 1
27 146 1
27 72 1
27 107 1
27 37 1
27 48 1
27 82 1
27 52 1
27 179 1
27 57 1
27 94 1
27 77 1
27 91 1
27 148 1
27 153 1
27 33 1
27 169 1
27 54 1
27 95 1
27 85 1
27 99 1
27 69 1
27 166 1
27 29 1
27 51 1
27 126 1
27 97 1
27 113 1
27 49 1
27 68 1
27 111 1
27 175 1
27 63 1
27 100 1
27 124 1
27 65 1
27 161 1
27 47 1
27 59 1
27 103 1
27 172 1
27 171 1
27 109 1
27 112 1
27 60 1
27 58 1
27 188 1
27 83 1
27 128 1
27 41 1
27 181 1
27 200 1
27 122 1
27 154 1
27 157 1
27 192 1
27 193 1
27 195 1
27 152 1
27 186 1
27 108 1
27 163 1
27 127 1
27 150 1
27 176 1
27 134 1
27 140 1
27 194 1
27 170 1
27 102 1
27 42 1
27 118 1
27 106 1
27 50 1
27 185 1
27 144 1
27 114 1
27 116 1
27 76 1
27 147 1
27 173 1
27 164 1
28 169 1
28 29 1
28 176 1
28 124 1
28 137 1
28 129 1
28 147 1
28 150 1
28 84 1
28 143 1
28 60 1
28 198 1
28 166 1
28 87 1
28 104 1
28 135 1
28 93 1
28 165 1
28 180 1
28 152 1
28 121 1
28 66 1
28 110 1
28 185 1
28 196 1
28 148 1
28 35 1
28 39 1
28 106 1
28 145 1
28 92 1
28 81 1
28 146 1
28 42 1
28 199 1
28 48 1
28 108 1
28 96 1
28 32 1
28 40 1
28 157 1
28 80 1
28 74 1
28 154 1
28 73 1
28 102 1
28 164 1
28 33 1
28 101 1
28 54 1
28 86 1
28 170 1
28 41 1
28 98 1
28 128 1
28 153 1
28 38 1
28 134 1
28 47 1
28 30 1
28 191 1
28 82 1
28 59 1
28 175 1
28 63 1
28 186 1
28 46 1
28 100 1
28 195 1
28 139 1
28 107 1
28 45 1
28 184 1
28 200 1
28 69 1
28 127 1
28 132 1
28 97 1
28 149 1
28 172 1
28 179 1
28 49 1
28 51 1
29 65 1
29 66 1
29 133 1
29 188 1
29 153 1
29 161 1
29 185 1
29 102 1
29 47 1
29 186 1
29 64 1
29 129 1
29 67 1
29 62 1
29 35 1
29 167 1
29 145 1
29 159 1
29 90 1
29 106 1
29 173 1
29 199 1
29 51 1
29 48 1
29 192 1
29 119 1
29 63 1
29 118 1
29 150 1
29 180 1
29 165 1
29 123 1
29 56 1
29 190 1
29 193 1
29 152 1
29 136 1
29 75 1
29 88 1
29 156 1
29 157 1
29 116 1
29 177 1
29 140 1
29 44 1
29 49 1
29 122 1
29 128 1
29 72 1
29 54 1
29 32 1
29 197 1
29 171 1
29 114 1
29 81 1
29 198 1
29 46 1
29 43 1
29 89 1
29 135 1
29 80 1
29 137 1
29 31 1
29 60 1
29 147 1
29 144 1
29 112 1
29 86 1
29 87 1
29 108 1
29 163 1
29 111 1
29 74 1
29 30 1
29 39 1
29 97 1
29 79 1
29 78 1
29 53 1
29 34 1
29 174 1
29 52 1
29 100 1
29 38 1
29 130 1
30 98 1
30 47 1
30 64 1
30 167 1
30 66 1
30 65 1
30 92 1
30 183 1
30 169 1
30 155 1
30 164 1
30 193 1
30 60 1
30 57 1
30 150 1
30 158 1
30 63 1
30 34 1
30 123 1
30 176 1
30 165 1
30 56 1
30 90 1
30 186 1
30 184 1
30 83 1
30 180 1
30 146 1
30 70 1
30 77 1
30 191 1
30 94 1
30 101 1
30 185 1
30 84 1
30 143 1
30 200 1
30 153 1
30 42 1
30 62 1
30 190 1
30 181 1
30 133 1
30 198 1
30 107 1
30 114 1
30 91 1
30 50 1
30 162 1
30 41 1
30 97 1
30 148 1
30 144 1
30 139 1
30 175 1
30 170 1
30 81 1
30 54 1
30 105 1
30 35 1
30 58 1
30 112 1
30 53 1
30 197 1
30 121 1
30 67 1
30 192 1
30 194 1
30 49 1
30 187 1
30 36 1
30 106 1
30 195 1
30 76 1
30 131 1
30 130 1
30 171 1
30 38 1
30 37 1
30 116 1
30 113 1
30 173 1
30 149 1
30 75 1
30 125 1
30 147 1
30 151 1
30 172 1
30 88 1
30 124 1
31 73 1
31 32 1
31 116 1
31 137 1
31 56 1
31 87 1
31 52 1
31 115 1
31 163 1
31 172 1
31 53 1
31 159 1
31 94 1
31 180 1
31 134 1
31 126 1
31 196 1
31 165 1
31 51 1
31 109 1
31 198 1
31 102 1
31 95 1
31 68 1
31 162 1
31 86 1
31 82 1
31 57 1
31 84 1
31 41 1
31 40 1
31 135 1
31 169 1
31 178 1
31 33 1
31 146 1
31 92 1
31 175 1
31 50 1
31 161 1
31 111 1
31 55 1
31 152 1
31 47 1
31 72 1
31 190 1
31 75 1
31 195 1
31 157 1
31 186 1
31 43 1
31 35 1
31 42 1
31 171 1
31 90 1
31 120 1
31 91 1
31 105 1
31 154 1
31 88 1
31 127 1
31 44 1
31 130 1
31 179 1
31 100 1
31 65 1
31 136 1
31 69 1
31 101 1
31 194 1
31 142 1
31 191 1
31 177 1
31 133 1
31 117 1
31 122 1
31 118 1
31 108 1
31 114 1
32 107 1
32 63 1
32 173 1
32 45 1
32 54 1
32 76 1
32 39 1
32 134 1
32 59 1
32 200 1
32 136 1
32 36 1
32 119 1
32 199 1
32 167 1
32 174 1
32 179 1
32 162 1
32 128 1
32 124 1
32 52 1
32 187 1
32 166 1
32 85 1
32 80 1
32 180 1
32 163 1
32 147 1
32 131 1
32 168 1
32 105 1
32 93 1
32 46 1
32 60 1
32 141 1
32 160 1
32 148 1
32 130 1
32 82 1
32 77 1
32 196 1
32 189 1
32 47 1
32 62 1
32 48 1
32 164 1
32 194 1
32 67 1
32 50 1
32 186 1
32 139 1
32 195 1
32 103 1
32 138 1
32 137 1
32 65 1
32 153 1
32 57 1
32 42 1
32 158 1
32 83 1
32 86 1
32 129 1
32 190 1
32 100 1
32 88 1
32 98 1
32 70 1
32 171 1
32 198 1
32 49 1
32 90 1
32 170 1
32 149 1
32 192 1
32 142 1
32 78 1
32 113 1
32 44 1
32 197 1
32 53 1
32 120 1
32 152 1
32 161 1
33 179 1
33 133 1
33 130 1
33 154 1
33 56 1
33 159 1
33 139 1
33 40 1
33 178 1
33 85 1
33 189 1
33 110 1
33 152 1
33 108 1
33 89 1
33 126 1
33 68 1
33 34 1
33 99 1
33 70 1
33 198 1
33 200 1
33 185 1
33 196 1
33 50 1
33 94 1
33 169 1
33 55 1
33 137 1
33 121 1
33 91 1
33 65 1
33 128 1
33 82 1
33 49 1
33 166 1
33 181 1
33 192 1
33 37 1
33 197 1
33 41 1
33 36 1
33 167 1
33 98 1
33 59 1
33 76 1
33 44 1
33 97 1
33 158 1
33 138 1
33 123 1
33 113 1
33 64 1
33 155 1
33 157 1
33 177 1
33 116 1
33 45 1
33 149 1
33 160 1
33 78 1
33 132 1
33 48 1
33 61 1
33 43 1
33 74 1
33 170 1
33 190 1
33 127 1
33 62 1
33 101 1
33 193 1
33 79 1
33 145 1
33 46 1
33 77 1
33 118 1
33 156 1
33 148 1
33 188 1
34 68 1
34 62 1
34 58 1
34 130 1
34 87 1
34 175 1
34 99 1
34 76 1
34 42 1
34 156 1
34 191 1
34 63 1
34 155 1
34 165 1
34 119 1
34 79 1
34 123 1
34 154 1
34 144 1
34 70 1
34 83 1
34 187 1
34 195 1
34 131 1
34 185 1
34 196 1
34 57 1
34 181 1
34 157 1
34 183 1
34 163 1
34 193 1
34 92 1
34 173 1
34 146 1
34 118 1
34 50 1
34 36 1
34 124 1
34 172 1
34 49 1
34 108 1
34 98 1
34 137 1
34 71 1
34 139 1
34 90 1
34 51 1
34 171 1
34 43 1
34 75 1
34 127 1
34 101 1
34 198 1
34 166 1
34 72 1
34 126 1
34 73 1
34 61 1
34 153 1
34 116 1
34 44 1
34 115 1
34 150 1
34 200 1
34 40 1
34 60 1
34 41 1
34 37 1
34 52 1
34 147 1
34 188 1
34 113 1
34 162 1
34 122 1
34 47 1
34 103 1
34 190 1
34 59 1
34 145 1
34 168 1
34 149 1
34 114 1
34 85 1
34 84 1
34 164 1
34 120 1
34 159 1
34 93 1
34 80 1
34 176 1
34 199 1
34 132 1
35 78 1
35 106 1
35 121 1
35 51 1
35 50 1
35 189 1
35 89 1
35 64 1
35 149 1
35 109 1
35 113 1
35 110 1
35 44 1
35 164 1
35 76 1
35 103 1
35 61 1
35 48 1
35 112 1
35 70 1
35 194 1
35 69 1
35 84 1
35 199 1
35 150 1
35 158 1
35 162 1
35 124 1
35 179 1
35 79 1
35 43 1
35 123 1
35 155 1
35 160 1
35 139 1
35 74 1
35 154 1
35 193 1
35 190 1
35 138 1
35 73 1
35 173 1
35 125 1
35 58 1
35 111 1
35 71 1
35 187 1
35 81 1
35 127 1
35 172 1
35 96 1
35 88 1
35 60 1
35 180 1
35 46 1
35 142 1
35 37 1
35 120 1
35 176 1
35 66 1
35 147 1
35 82 1
35 115 1
35 118 1
35 49 1
35 178 1
35 163 1
35 38 1
35 177 1
35 117 1
35 55 1
35 132 1
35 108 1
35 59 1
35 68 1
35 148 1
35 191 1
35 56 1
35 52 1
36 82 1
36 151 1
36 129 1
36 60 1
36 61 1
36 124 1
36 155 1
36 156 1
36 102 1
36 47 1
36 196 1
36 134 1
36 154 1
36 107 1
36 179 1
36 199 1
36 101 1
36 183 1
36 146 1
36 99 1
36 145 1
36 197 1
36 132 1
36 72 1
36 139 1
36 160 1
36 121 1
36 171 1
36 181 1
36 159 1
36 96 1
36 78 1
36 58 1
36 113 1
36 39 1
36 49 1
36 90 1
36 65 1
36 153 1
36 105 1
36 57 1
36 46 1
36 141 1
36 128 1
36 38 1
36 67 1
36 86 1
36 111 1
36 188 1
36 43 1
36 112 1
36 76 1
36 50 1
36 48 1
36 172 1
36 59 1
36 173 1
36 150 1
36 64 1
36 109 1
36 108 1
36 148 1
36 56 1
36 54 1
36 166 1
36 170 1
36 42 1
36 80 1
36 123 1
36 158 1
36 87 1
36 147 1
36 120 1
36 77 1
36 174 1
36 194 1
36 193 1
36 116 1
36 40 1
36 169 1
37 52 1
37 126 1
37 121 1
37 150 1
37 87 1
37 112 1
37 175 1
37 178 1
37 113 1
37 132 1
37 189 1
37 107 1
37 167 1
37 118 1
37 172 1
37 65 1
37 61 1
37 200 1
37 156 1
37 174 1
37 111 1
37 176 1
37 137 1
37 105 1
37 90 1
37 44 1
37 67 1
37 165 1
37 70 1
37 147 1
37 127 1
37 124 1
37 197 1
37 180 1
37 115 1
37 158 1
37 66 1
37 106 1
37 57 1
37 154 1
37 56 1
37 76 1
37 88 1
37 49 1
37 153 1
37 170 1
37 102 1
37 119 1
37 55 1
37 163 1
37 145 1
37 40 1
37 73 1
37 141 1
37 183 1
37 151 1
37 198 1
37 148 1
37 58 1
37 120 1
37 109 1
37 177 1
37 99 1
37 135 1
37 164 1
37 125 1
37 130 1
37 72 1
37 62 1
37 42 1
37 196 1
37 140 1
37 103 1
37 45 1
37 51 1
37 138 1
37 161 1
37 139 1
37 166 1
37 48 1
37 93 1
37 91 1
37 195 1
37 129 1
37 92 1
37 190 1
38 116 1
38 101 1
38 92 1
38 71 1
38 190 1
38 54 1
38 43 1
38 53 1
38 131 1
38 77 1
38 161 1
38 145 1
38 102 1
38 81 1
38 149 1
38 94 1
38 113 1
38 72 1
38 144 1
38 88 1
38 197 1
38 159 1
38 160 1
38 138 1
38 165 1
38 128 1
38 39 1
38 126 1
38 147 1
38 172 1
38 125 1
38 121 1
38 146 1
38 95 1
38 58 1
38 152 1
38 177 1
38 84 1
38 163 1
38 64 1
38 141 1
38 120 1
38 186 1
38 59 1
38 107 1
38 80 1
38 139 1
38 63 1
38 157 1
38 132 1
38 106 1
38 99 1
38 164 1
38 187 1
38 167 1
38 41 1
38 47 1
38 62 1
38 52 1
38 153 1
38 115 1
38 65 1
38 114 1
38 136 1
38 69 1
38 89 1
38 57 1
38 111 1
38 75 1
38 176 1
38 74 1
38 48 1
38 83 1
38 162 1
38 129 1
38 127 1
38 119 1
38 179 1
38 108 1
38 79 1
38 148 1
39 51 1
39 157 1
39 198 1
39 121 1
39 191 1
39 66 1
39 137 1
39 163 1
39 54 1
39 128 1
39 155 1
39 144 1
39 74 1
39 88 1
39 93 1
39 134 1
39 106 1
39 174 1
39 162 1
39 169 1
39 117 1
39 200 1
39 182 1
39 143 1
39 125 1
39 102 1
39 108 1
39 41 1
39 183 1
39 63 1
39 46 1
39 138 1
39 156 1
39 127 1
39 80 1
39 132 1
39 192 1
39 133 1
39 44 1
39 112 1
39 52 1
39 142 1
39 75 1
39 65 1
39 151 1
39 115 1
39 103 1
39 175 1
39 111 1
39 131 1
39 96 1
39 86 1
39 196 1
39 47 1
39 73 1
39 154 1
39 71 1
39 62 1
39 87 1
39 67 1
39 69 1
39 145 1
39 40 1
39 42 1
39 159 1
39 57 1
39 194 1
39 84 1
39 49 1
39 179 1
39 129 1
39 94 1
39 72 1
39 99 1
39 184 1
39 190 1
39 45 1
39 164 1
40 54 1
40 171 1
40 74 1
40 193 1
40 134 1
40 192 1
40 185 1
40 101 1
40 109 1
40 188 1
40 89 1
40 106 1
40 103 1
40 136 1
40 99 1
40 118 1
40 72 1
40 115 1
40 190 1
40 59 1
40 62 1
40 156 1
40 143 1
40 98 1
40 79 1
40 73 1
40 159 1
40 132 1
40 163 1
40 152 1
40 144 1
40 68 1
40 170 1
40 70 1
40 117 1
40 76 1
40 45 1
40 160 1
40 43 1
40 95 1
40 90 1
40 126 1
40 77 1
40 42 1
40 149 1
40 97 1
40 67 1
40 173 1
40 56 1
40 85 1
40 83 1
40 60 1
40 127 1
40 107 1
40 181 1
40 141 1
40 84 1
40 164 1
40 180 1
40 86 1
40 66 1
40 133 1
40 140 1
40 61 1
40 191 1
40 157 1
40 110 1
40 146 1
40 130 1
40 121 1
40 168 1
40 116 1
40 41 1
40 78 1
40 195 1
40 179 1
40 175 1
40 108 1
40 176 1
40 91 1
41 83 1
41 130 1
41 82 1
41 181 1
41 88 1
41 43 1
41 162 1
41 62 1
41 47 1
41 180 1
41 195 1
41 170 1
41 72 1
41 49 1
41 177 1
41 158 1
41 60 1
41 100 1
41 142 1
41 71 1
41 46 1
41 91 1
41 143 1
41 192 1
41 50 1
41 147 1
41 172 1
41 184 1
41 168 1
41 156 1
41 109 1
41 199 1
41 108 1
41 113 1
41 173 1
41 68 1
41 186 1
41 160 1
41 87 1
41 124 1
41 190 1
41 112 1
41 90 1
41 48 1
41 151 1
41 128 1
41 44 1
41 165 1
41 129 1
41 127 1
41 175 1
41 126 1
41 198 1
41 86 1
41 115 1
41 70 1
41 157 1
41 74 1
41 178 1
41 174 1
41 189 1
41 183 1
41 131 1
41 106 1
41 144 1
41 161 1
41 185 1
41 65 1
41 121 1
41 94 1
41 84 1
41 105 1
41 163 1
41 98 1
41 101 1
41 136 1
41 182 1
41 56 1
41 119 1
41 64 1
41 140 1
41 169 1
41 200 1
41 59 1
41 176 1
41 99 1
41 51 1
41 114 1
41 66 1
41 171 1
41 75 1
41 164 1
41 116 1
41 152 1
42 55 1
42 169 1
42 172 1
42 161 1
42 107 1
42 148 1
42 143 1
42 90 1
42 180 1
42 141 1
42 83 1
42 124 1
42 117 1
42 123 1
42 181 1
42 49 1
42 173 1
42 159 1
42 199 1
42 176 1
42 84 1
42 79 1
42 174 1
42 171 1
42 190 1
42 128 1
42 133 1
42 57 1
42 129 1
42 185 1
42 136 1
42 167 1
42 163 1
42 158 1
42 127 1
42 194 1
42 99 1
42 75 1
42 89 1
42 132 1
42 120 1
42 115 1
42 71 1
42 95 1
42 200 1
42 195 1
42 104 1
42 177 1
42 74 1
42 54 1
42 156 1
42 198 1
42 48 1
42 166 1
42 151 1
42 44 1
42 149 1
42 164 1
42 103 1
42 92 1
42 43 1
42 78 1
42 80 1
42 112 1
42 165 1
42 137 1
42 175 1
42 168 1
42 182 1
42 126 1
42 87 1
42 65 1
42 47 1
42 146 1
42 122 1
42 160 1
42 81 1
42 153 1
42 70 1
42 191 1
42 178 1
42 108 1
42 152 1
42 179 1
42 59 1
42 154 1
42 102 1
43 44 1
43 51 1
43 178 1
43 142 1
43 67 1
43 183 1
43 166 1
43 126 1
43 160 1
43 165 1
43 187 1
43 108 1
43 159 1
43 200 1
43 80 1
43 55 1
43 177 1
43 52 1
43 179 1
43 60 1
43 77 1
43 88 1
43 111 1
43 176 1
43 48 1
43 72 1
43 120 1
43 63 1
43 81 1
43 127 1
43 50 1
43 91 1
43 163 1
43 83 1
43 157 1
43 73 1
43 92 1
43 174 1
43 86 1
43 119 1
43 128 1
43 194 1
43 103 1
43 188 1
43 61 1
43 180 1
43 107 1
43 151 1
43 195 1
43 132 1
43 145 1
43 62 1
43 164 1
43 137 1
43 98 1
43 69 1
43 144 1
43 192 1
43 53 1
43 191 1
43 79 1
43 56 1
43 114 1
43 198 1
43 94 1
43 122 1
43 199 1
43 106 1
43 149 1
43 181 1
43 115 1
43 123 1
43 125 1
43 172 1
43 89 1
43 141 1
43 113 1
43 138 1
43 124 1
43 185 1
43 197 1
44 88 1
44 181 1
44 54 1
44 68 1
44 84 1
44 45 1
44 48 1
44 164 1
44 190 1
44 197 1
44 52 1
44 117 1
44 77 1
44 122 1
44 118 1
44 133 1
44 69 1
44 82 1
44 185 1
44 170 1
44 89 1
44 92 1
44 178 1
44 97 1
44 55 1
44 129 1
44 159 1
44 176 1
44 160 1
44 60 1
44 94 1
44 80 1
44 154 1
44 143 1
44 148 1
44 188 1
44 66 1
44 199 1
44 93 1
44 166 1
44 162 1
44 110 1
44 167 1
44 134 1
44 141 1
44 183 1
44 107 1
44 74 1
44 71 1
44 95 1
44 187 1
44 83 1
44 78 1
44 111 1
44 192 1
44 91 1
44 63 1
44 50 1
44 72 1
44 100 1
44 56 1
44 76 1
44 85 1
44 151 1
44 138 1
44 112 1
44 144 1
44 124 1
44 174 1
44 175 1
44 195 1
44 140 1
44 105 1
44 169 1
44 61 1
44 123 1
44 171 1
44 158 1
44 109 1
44 101 1
44 53 1
44 145 1
44 153 1
44 49 1
44 120 1
44 131 1
44 90 1
44 198 1
44 73 1
44 125 1
44 126 1
45 115 1
45 77 1
45 59 1
45 69 1
45 131 1
45 66 1
45 168 1
45 191 1
45 182 1
45 122 1
45 178 1
45 158 1
45 49 1
45 70 1
45 180 1
45 50 1
45 125 1
45 138 1
45 52 1
45 164 1
45 61 1
45 190 1
45 150 1
45 84 1
45 146 1
45 172 1
45 175 1
45 165 1
45 152 1
45 167 1
45 195 1
45 76 1
45 170 1
45 155 1
45 148 1
45 54 1
45 89 1
45 55 1
45 113 1
45 80 1
45 123 1
45 102 1
45 192 1
45 64 1
45 166 1
45 78 1
45 58 1
45 109 1
45 199 1
45 65 1
45 56 1
45 194 1
45 185 1
45 139 1
45 127 1
45 188 1
45 189 1
45 85 1
45 149 1
45 176 1
45 130 1
45 72 1
45 198 1
45 90 1
45 137 1
45 173 1
45 60 1
45 143 1
45 101 1
45 92 1
45 75 1
45 57 1
45 118 1
45 163 1
46 68 1
46 137 1
46 52 1
46 169 1
46 160 1
46 132 1
46 162 1
46 83 1
46 56 1
46 174 1
46 167 1
46 199 1
46 180 1
46 165 1
46 74 1
46 159 1
46 72 1
46 54 1
46 164 1
46 158 1
46 47 1
46 95 1
46 161 1
46 176 1
46 57 1
46 101 1
46 187 1
46 125 1
46 108 1
46 128 1
46 179 1
46 81 1
46 195 1
46 141 1
46 148 1
46 122 1
46 166 1
46 119 1
46 77 1
46 105 1
46 51 1
46 151 1
46 171 1
46 59 1
46 85 1
46 139 1
46 76 1
46 155 1
46 178 1
46 194 1
46 69 1
46 181 1
46 184 1
46 124 1
46 106 1
46 183 1
46 129 1
46 92 1
46 146 1
46 63 1
46 189 1
46 89 1
46 93 1
46 135 1
46 75 1
46 197 1
46 149 1
46 185 1
46 188 1
46 143 1
46 71 1
46 126 1
46 116 1
47 64 1
47 179 1
47 81 1
47 171 1
47 91 1
47 61 1
47 190 1
47 120 1
47 90 1
47 185 1
47 66 1
47 125 1
47 104 1
47 174 1
47 122 1
47 73 1
47 129 1
47 79 1
47 131 1
47 200 1
47 82 1
47 130 1
47 164 1
47 57 1
47 146 1
47 97 1
47 141 1
47 127 1
47 160 1
47 177 1
47 102 1
47 94 1
47 144 1
47 103 1
47 60 1
47 106 1
47 113 1
47 105 1
47 85 1
47 74 1
47 116 1
47 187 1
47 152 1
47 96 1
47 111 1
47 170 1
47 137 1
47 149 1
47 150 1
47 183 1
47 55 1
47 166 1
47 98 1
47 100 1
47 195 1
47 86 1
47 80 1
47 119 1
47 67 1
47 56 1
47 95 1
47 48 1
47 118 1
47 107 1
47 157 1
47 78 1
47 136 1
47 88 1
47 175 1
47 50 1
47 89 1
47 167 1
48 193 1
48 107 1
48 53 1
48 122 1
48 112 1
48 101 1
48 139 1
48 94 1
48 63 1
48 72 1
48 97 1
48 86 1
48 134 1
48 152 1
48 52 1
48 200 1
48 183 1
48 186 1
48 133 1
48 109 1
48 128 1
48 91 1
48 106 1
48 90 1
48 71 1
48 196 1
48 172 1
48 194 1
48 64 1
48 113 1
48 173 1
48 195 1
48 170 1
48 103 1
48 120 1
48 89 1
48 51 1
48 77 1
48 124 1
48 49 1
48 168 1
48 189 1
48 167 1
48 177 1
48 87 1
48 126 1
48 62 1
48 155 1
48 161 1
48 143 1
48 166 1
48 69 1
48 57 1
48 185 1
48 174 1
48 188 1
48 199 1
48 182 1
48 132 1
48 175 1
48 60 1
48 110 1
48 55 1
48 130 1
48 125 1
48 165 1
48 61 1
48 131 1
48 68 1
48 190 1
48 169 1
48 123 1
48 163 1
48 66 1
49 83 1
49 79 1
49 135 1
49 70 1
49 128 1
49 130 1
49 195 1
49 138 1
49 139 1
49 116 1
49 75 1
49 125 1
49 99 1
49 87 1
49 84 1
49 194 1
49 161 1
49 124 1
49 88 1
49 86 1
49 109 1
49 61 1
49 107 1
49 131 1
49 132 1
49 168 1
49 63 1
49 141 1
49 54 1
49 71 1
49 137 1
49 123 1
49 146 1
49 66 1
49 192 1
49 114 1
49 94 1
49 147 1
49 121 1
49 77 1
49 112 1
49 78 1
49 160 1
49 100 1
49 76 1
49 73 1
49 74 1
49 200 1
49 175 1
49 59 1
49 68 1
49 129 1
49 101 1
49 172 1
49 198 1
49 186 1
49 62 1
49 148 1
49 178 1
49 52 1
49 156 1
49 173 1
49 106 1
49 188 1
49 169 1
49 60 1
49 115 1
50 192 1
50 146 1
50 141 1
50 149 1
50 134 1
50 119 1
50 168 1
50 68 1
50 138 1
50 129 1
50 161 1
50 193 1
50 117 1
50 136 1
50 106 1
50 55 1
50 130 1
50 52 1
50 121 1
50 51 1
50 156 1
50 186 1
50 132 1
50 126 1
50 142 1
50 159 1
50 65 1
50 177 1
50 154 1
50 139 1
50 60 1
50 73 1
50 128 1
50 127 1
50 99 1
50 70 1
50 107 1
50 66 1
50 88 1
50 85 1
50 122 1
50 125 1
50 104 1
50 155 1
50 187 1
50 190 1
50 94 1
50 176 1
50 133 1
50 109 1
50 105 1
50 111 1
50 91 1
50 162 1
50 174 1
50 103 1
50 166 1
50 80 1
50 97 1
50 77 1
50 191 1
50 71 1
50 93 1
50 62 1
50 78 1
50 143 1
50 124 1
50 175 1
50 150 1
50 189 1
50 101 1
50 144 1
50 170 1
50 169 1
50 165 1
50 151 1
50 198 1
50 63 1
50 147 1
51 66 1
51 146 1
51 156 1
51 126 1
51 140 1
51 189 1
51 69 1
51 118 1
51 63 1
51 70 1
51 167 1
51 151 1
51 147 1
51 121 1
51 97 1
51 194 1
51 58 1
51 84 1
51 125 1
51 100 1
51 182 1
51 102 1
51 174 1
51 123 1
51 186 1
51 90 1
51 179 1
51 199 1
51 136 1
51 183 1
51 91 1
51 184 1
51 133 1
51 93 1
51 81 1
51 108 1
51 82 1
51 74 1
51 110 1
51 106 1
51 162 1
51 145 1
51 53 1
51 89 1
51 96 1
51 55 1
51 109 1
51 163 1
51 56 1
51 148 1
51 200 1
51 75 1
51 143 1
51 172 1
51 153 1
51 78 1
51 101 1
51 175 1
51 150 1
51 142 1
51 54 1
51 59 1
51 188 1
51 103 1
51 165 1
51 164 1
51 157 1
51 72 1
51 67 1
51 177 1
51 124 1
51 127 1
51 137 1
51 87 1
51 85 1
51 117 1
51 114 1
52 61 1
52 109 1
52 180 1
52 144 1
52 127 1
52 134 1
52 129 1
52 161 1
52 153 1
52 54 1
52 123 1
52 67 1
52 138 1
52 152 1
52 146 1
52 84 1
52 100 1
52 183 1
52 90 1
52 122 1
52 95 1
52 83 1
52 98 1
52 124 1
52 77 1
52 68 1
52 166 1
52 71 1
52 94 1
52 63 1
52 106 1
52 199 1
52 113 1
52 187 1
52 128 1
52 74 1
52 87 1
52 130 1
52 69 1
52 194 1
52 93 1
52 142 1
52 121 1
52 162 1
52 185 1
52 192 1
52 147 1
52 102 1
52 55 1
52 200 1
52 191 1
52 97 1
52 131 1
52 190 1
52 156 1
52 165 1
52 155 1
52 103 1
52 197 1
52 167 1
52 174 1
52 116 1
52 151 1
52 56 1
52 169 1
52 160 1
52 107 1
52 125 1
52 173 1
52 181 1
52 148 1
52 132 1
52 80 1
52 88 1
52 92 1
52 85 1
52 175 1
52 164 1
52 179 1
52 117 1
52 135 1
52 171 1
53 131 1
53 61 1
53 77 1
53 168 1
53 73 1
53 142 1
53 174 1
53 65 1
53 108 1
53 188 1
53 192 1
53 172 1
53 90 1
53 88 1
53 197 1
53 78 1
53 170 1
53 100 1
53 129 1
53 200 1
53 125 1
53 179 1
53 56 1
53 151 1
53 112 1
53 144 1
53 111 1
53 66 1
53 178 1
53 180 1
53 163 1
53 91 1
53 177 1
53 114 1
53 185 1
53 55 1
53 164 1
53 107 1
53 92 1
53 160 1
53 54 1
53 166 1
53 135 1
53 118 1
53 156 1
53 64 1
53 165 1
53 190 1
53 79 1
53 86 1
53 99 1
53 109 1
53 145 1
53 95 1
53 182 1
53 198 1
53 123 1
53 148 1
53 157 1
53 130 1
53 117 1
53 63 1
53 116 1
53 84 1
53 59 1
53 87 1
53 141 1
53 72 1
53 175 1
53 62 1
53 97 1
53 195 1
53 191 1
53 133 1
53 104 1
53 106 1
53 186 1
53 150 1
53 149 1
54 79 1
54 74 1
54 98 1
54 90 1
54 105 1
54 101 1
54 191 1
54 114 1
54 83 1
54 152 1
54 125 1
54 149 1
54 180 1
54 179 1
54 102 1
54 89 1
54 184 1
54 113 1
54 185 1
54 77 1
54 92 1
54 60 1
54 138 1
54 71 1
54 151 1
54 167 1
54 80 1
54 160 1
54 172 1
54 193 1
54 112 1
54 186 1
54 163 1
54 81 1
54 154 1
54 57 1
54 119 1
54 133 1
54 196 1
54 200 1
54 135 1
54 55 1
54 131 1
54 158 1
54 143 1
54 97 1
54 175 1
54 61 1
54 107 1
54 190 1
54 66 1
54 150 1
54 73 1
54 91 1
54 141 1
54 147 1
54 120 1
54 115 1
54 198 1
54 161 1
54 59 1
54 187 1
54 197 1
54 121 1
54 85 1
54 128 1
54 174 1
54 162 1
54 176 1
54 117 1
54 109 1
54 88 1
54 132 1
54 124 1
55 183 1
55 167 1
55 142 1
55 197 1
55 145 1
55 63 1
55 78 1
55 83 1
55 175 1
55 170 1
55 96 1
55 68 1
55 69 1
55 84 1
55 192 1
55 105 1
55 135 1
55 59 1
55 190 1
55 151 1
55 66 1
55 169 1
55 141 1
55 93 1
55 89 1
55 173 1
55 125 1
55 168 1
55 108 1
55 123 1
55 100 1
55 134 1
55 77 1
55 154 1
55 94 1
55 87 1
55 155 1
55 90 1
55 150 1
55 127 1
55 180 1
55 86 1
55 174 1
55 107 1
55 60 1
55 147 1
55 165 1
55 178 1
55 75 1
55 64 1
55 79 1
55 193 1
55 128 1
55 139 1
55 182 1
55 76 1
55 186 1
55 172 1
55 82 1
55 72 1
55 116 1
55 191 1
55 159 1
55 74 1
55 136 1
55 185 1
55 162 1
55 148 1
55 58 1
55 115 1
55 143 1
55 131 1
55 104 1
55 92 1
55 163 1
55 188 1
55 114 1
55 81 1
56 164 1
56 197 1
56 58 1
56 92 1
56 113 1
56 59 1
56 81 1
56 72 1
56 103 1
56 195 1
56 104 1
56 91 1
56 171 1
56 131 1
56 102 1
56 60 1
56 173 1
56 125 1
56 61 1
56 84 1
56 138 1
56 126 1
56 127 1
56 192 1
56 159 1
56 99 1
56 174 1
56 182 1
56 149 1
56 100 1
56 172 1
56 108 1
56 177 1
56 148 1
56 96 1
56 105 1
56 135 1
56 158 1
56 142 1
56 179 1
56 152 1
56 170 1
56 115 1
56 67 1
56 181 1
56 120 1
56 180 1
56 111 1
56 118 1
56 168 1
56 109 1
56 97 1
56 133 1
56 80 1
56 73 1
56 64 1
56 90 1
56 87 1
56 77 1
56 123 1
56 65 1
56 71 1
56 153 1
56 190 1
56 165 1
56 183 1
57 192 1
57 157 1
57 100 1
57 148 1
57 164 1
57 72 1
57 118 1
57 156 1
57 186 1
57 190 1
57 116 1
57 149 1
57 109 1
57 89 1
57 65 1
57 173 1
57 200 1
57 183 1
57 119 1
57 165 1
57 131 1
57 152 1
57 127 1
57 108 1
57 171 1
57 187 1
57 76 1
57 99 1
57 106 1
57 102 1
57 191 1
57 61 1
57 80 1
57 195 1
57 125 1
57 129 1
57 182 1
57 135 1
57 68 1
57 144 1
57 86 1
57 121 1
57 189 1
57 98 1
57 126 1
57 175 1
57 117 1
57 111 1
57 137 1
57 153 1
57 199 1
57 170 1
57 172 1
57 177 1
57 132 1
57 197 1
57 97 1
57 94 1
57 120 1
57 115 1
57 82 1
57 141 1
57 123 1
57 142 1
57 198 1
57 150 1
57 59 1
57 104 1
57 133 1
57 85 1
57 88 1
57 77 1
58 114 1
58 165 1
58 184 1
58 135 1
58 118 1
58 116 1
58 60 1
58 77 1
58 109 1
58 146 1
58 195 1
58 148 1
58 106 1
58 147 1
58 68 1
58 150 1
58 198 1
58 169 1
58 119 1
58 69 1
58 166 1
58 143 1
58 149 1
58 124 1
58 85 1
58 81 1
58 107 1
58 73 1
58 103 1
58 127 1
58 117 1
58 94 1
58 167 1
58 137 1
58 192 1
58 59 1
58 183 1
58 130 1
58 105 1
58 112 1
58 111 1
58 66 1
58 151 1
58 100 1
58 138 1
58 186 1
58 134 1
58 177 1
58 157 1
58 162 1
58 120 1
58 128 1
58 115 1
58 182 1
58 178 1
58 142 1
58 179 1
58 74 1
58 90 1
58 80 1
58 141 1
58 122 1
58 132 1
58 139 1
58 191 1
58 170 1
58 123 1
58 99 1
58 79 1
58 197 1
58 173 1
58 176 1
58 188 1
58 152 1
58 82 1
58 64 1
58 159 1
58 175 1
58 89 1
59 82 1
59 143 1
59 178 1
59 134 1
59 180 1
59 167 1
59 72 1
59 71 1
59 60 1
59 151 1
59 196 1
59 92 1
59 137 1
59 87 1
59 109 1
59 80 1
59 132 1
59 198 1
59 103 1
59 141 1
59 63 1
59 181 1
59 169 1
59 90 1
59 76 1
59 129 1
59 121 1
59 73 1
59 183 1
59 95 1
59 64 1
59 122 1
59 164 1
59 104 1
59 133 1
59 111 1
59 140 1
59 116 1
59 152 1
59 145 1
59 165 1
59 179 1
59 127 1
59 174 1
59 191 1
59 150 1
59 131 1
59 79 1
59 173 1
59 125 1
59 195 1
59 184 1
59 69 1
59 114 1
59 107 1
59 97 1
59 130 1
59 102 1
59 197 1
59 186 1
59 65 1
59 124 1
59 177 1
59 88 1
59 67 1
59 187 1
59 157 1
59 105 1
59 168 1
60 180 1
60 103 1
60 63 1
60 98 1
60 89 1
60 200 1
60 185 1
60 127 1
60 141 1
60 191 1
60 69 1
60 123 1
60 117 1
60 177 1
60 132 1
60 126 1
60 168 1
60 122 1
60 114 1
60 72 1
60 195 1
60 163 1
60 144 1
60 92 1
60 85 1
60 105 1
60 80 1
60 78 1
60 95 1
60 133 1
60 142 1
60 64 1
60 116 1
60 106 1
60 67 1
60 108 1
60 128 1
60 172 1
60 199 1
60 131 1
60 110 1
60 113 1
60 100 1
60 76 1
60 94 1
60 90 1
60 155 1
60 84 1
60 176 1
60 171 1
60 192 1
60 166 1
60 135 1
60 62 1
60 146 1
60 178 1
60 104 1
60 79 1
60 153 1
60 96 1
60 75 1
60 138 1
60 151 1
60 184 1
60 175 1
60 154 1
60 186 1
60 145 1
61 122 1
61 138 1
61 194 1
61 72 1
61 69 1
61 98 1
61 78 1
61 93 1
61 111 1
61 156 1
61 109 1
61 92 1
61 95 1
61 176 1
61 137 1
61 94 1
61 166 1
61 74 1
61 104 1
61 187 1
61 193 1
61 87 1
61 143 1
61 158 1
61 107 1
61 196 1
61 105 1
61 199 1
61 123 1
61 167 1
61 90 1
61 110 1
61 139 1
61 108 1
61 88 1
61 71 1
61 174 1
61 68 1
61 186 1
61 116 1
61 200 1
61 84 1
61 100 1
61 175 1
61 195 1
61 82 1
61 161 1
61 77 1
61 177 1
61 81 1
61 124 1
61 106 1
61 190 1
61 178 1
61 89 1
61 142 1
61 73 1
61 140 1
61 183 1
61 132 1
61 169 1
61 191 1
61 96 1
61 70 1
61 163 1
61 172 1
61 79 1
61 160 1
61 171 1
61 162 1
61 126 1
61 76 1
62 109 1
62 105 1
62 177 1
62 146 1
62 183 1
62 154 1
62 124 1
62 103 1
62 148 1
62 72 1
62 186 1
62 136 1
62 96 1
62 74 1
62 192 1
62 145 1
62 166 1
62 71 1
62 161 1
62 165 1
62 97 1
62 150 1
62 91 1
62 88 1
62 193 1
62 169 1
62 143 1
62 63 1
62 167 1
62 137 1
62 89 1
62 190 1
62 182 1
62 159 1
62 112 1
62 170 1
62 135 1
62 172 1
62 189 1
62 157 1
62 102 1
62 139 1
62 114 1
62 95 1
62 129 1
62 90 1
62 69 1
62 107 1
62 116 1
62 126 1
62 195 1
62 115 1
62 181 1
62 119 1
62 142 1
62 197 1
62 151 1
62 82 1
62 94 1
62 108 1
62 198 1
62 131 1
62 144 1
62 134 1
62 140 1
62 175 1
62 180 1
62 184 1
62 125 1
62 171 1
62 162 1
62 122 1
62 174 1
63 187 1
63 118 1
63 156 1
63 182 1
63 144 1
63 77 1
63 142 1
63 66 1
63 150 1
63 85 1
63 88 1
63 67 1
63 89 1
63 65 1
63 189 1
63 147 1
63 141 1
63 137 1
63 135 1
63 94 1
63 117 1
63 199 1
63 120 1
63 116 1
63 126 1
63 166 1
63 136 1
63 75 1
63 198 1
63 109 1
63 157 1
63 82 1
63 181 1
63 195 1
63 74 1
63 87 1
63 177 1
63 165 1
63 106 1
63 98 1
63 145 1
63 91 1
63 158 1
63 93 1
63 149 1
63 124 1
63 167 1
63 170 1
63 76 1
63 169 1
63 100 1
63 175 1
63 102 1
63 107 1
63 123 1
63 104 1
63 151 1
63 162 1
63 78 1
63 160 1
63 183 1
63 138 1
64 175 1
64 184 1
64 73 1
64 70 1
64 104 1
64 94 1
64 150 1
64 182 1
64 193 1
64 123 1
64 196 1
64 82 1
64 181 1
64 172 1
64 146 1
64 86 1
64 99 1
64 151 1
64 183 1
64 200 1
64 161 1
64 166 1
64 158 1
64 122 1
64 144 1
64 89 1
64 93 1
64 147 1
64 90 1
64 190 1
64 194 1
64 134 1
64 128 1
64 75 1
64 191 1
64 130 1
64 171 1
64 136 1
64 101 1
64 105 1
64 119 1
64 140 1
64 174 1
64 67 1
64 115 1
64 68 1
64 142 1
64 98 1
64 199 1
64 153 1
64 79 1
64 88 1
64 74 1
64 180 1
64 77 1
64 126 1
64 162 1
64 137 1
64 139 1
64 156 1
64 138 1
64 91 1
64 109 1
65 143 1
65 159 1
65 144 1
65 139 1
65 136 1
65 179 1
65 96 1
65 155 1
65 170 1
65 156 1
65 110 1
65 70 1
65 151 1
65 86 1
65 130 1
65 186 1
65 182 1
65 120 1
65 138 1
65 104 1
65 157 1
65 161 1
65 122 1
65 128 1
65 119 1
65 183 1
65 88 1
65 103 1
65 135 1
65 164 1
65 98 1
65 150 1
65 188 1
65 124 1
65 92 1
65 196 1
65 199 1
65 115 1
65 80 1
65 174 1
65 177 1
65 116 1
65 148 1
65 111 1
65 83 1
65 181 1
65 68 1
65 67 1
65 84 1
65 69 1
65 108 1
65 78 1
65 141 1
65 198 1
65 190 1
65 131 1
65 123 1
65 178 1
65 113 1
65 132 1
65 77 1
65 114 1
65 102 1
65 163 1
66 176 1
66 188 1
66 186 1
66 108 1
66 85 1
66 103 1
66 169 1
66 96 1
66 162 1
66 181 1
66 128 1
66 174 1
66 163 1
66 179 1
66 140 1
66 112 1
66 195 1
66 125 1
66 119 1
66 178 1
66 142 1
66 139 1
66 184 1
66 194 1
66 164 1
66 133 1
66 93 1
66 199 1
66 152 1
66 150 1
66 168 1
66 144 1
66 180 1
66 130 1
66 134 1
66 71 1
66 105 1
66 173 1
66 68 1
66 111 1
66 158 1
66 192 1
66 159 1
66 75 1
66 187 1
66 127 1
66 120 1
66 167 1
66 145 1
66 121 1
66 86 1
66 156 1
66 104 1
66 185 1
66 98 1
66 146 1
66 191 1
66 196 1
66 161 1
66 79 1
66 116 1
66 190 1
66 175 1
67 77 1
67 138 1
67 174 1
67 191 1
67 82 1
67 127 1
67 88 1
67 103 1
67 172 1
67 143 1
67 196 1
67 118 1
67 195 1
67 169 1
67 102 1
67 178 1
67 79 1
67 116 1
67 186 1
67 93 1
67 190 1
67 180 1
67 111 1
67 198 1
67 161 1
67 144 1
67 170 1
67 182 1
67 135 1
67 86 1
67 185 1
67 179 1
67 147 1
67 99 1
67 157 1
67 76 1
67 100 1
67 155 1
67 85 1
67 104 1
67 124 1
67 97 1
67 110 1
67 158 1
67 121 1
67 94 1
67 87 1
67 108 1
67 183 1
67 68 1
67 200 1
67 184 1
67 90 1
67 72 1
67 167 1
67 106 1
67 71 1
67 81 1
67 132 1
67 119 1
67 152 1
67 98 1
67 159 1
67 122 1
67 188 1
67 92 1
68 113 1
68 139 1
68 76 1
68 180 1
68 106 1
68 132 1
68 127 1
68 77 1
68 108 1
68 193 1
68 173 1
68 89 1
68 120 1
68 134 1
68 123 1
68 97 1
68 153 1
68 116 1
68 188 1
68 198 1
68 150 1
68 187 1
68 137 1
68 147 1
68 148 1
68 100 1
68 115 1
68 146 1
68 81 1
68 79 1
68 80 1
68 141 1
68 174 1
68 168 1
68 167 1
68 99 1
68 182 1
68 95 1
68 73 1
68 72 1
68 176 1
68 169 1
68 70 1
68 140 1
68 88 1
68 179 1
68 162 1
68 190 1
68 118 1
68 161 1
68 194 1
68 158 1
68 91 1
68 175 1
68 181 1
68 105 1
68 122 1
68 114 1
68 159 1
68 110 1
69 96 1
69 121 1
69 175 1
69 198 1
69 116 1
69 165 1
69 97 1
69 181 1
69 145 1
69 71 1
69 155 1
69 143 1
69 115 1
69 169 1
69 74 1
69 192 1
69 107 1
69 102 1
69 92 1
69 133 1
69 179 1
69 172 1
69 136 1
69 79 1
69 160 1
69 150 1
69 195 1
69 118 1
69 135 1
69 125 1
69 176 1
69 106 1
69 130 1
69 114 1
69 70 1
69 127 1
69 147 1
69 90 1
69 151 1
69 164 1
69 104 1
69 141 1
69 168 1
69 182 1
69 82 1
69 174 1
69 191 1
69 180 1
69 166 1
69 156 1
69 161 1
69 131 1
69 117 1
69 81 1
69 162 1
69 137 1
69 177 1
69 142 1
69 123 1
70 88 1
70 157 1
70 150 1
70 73 1
70 82 1
70 96 1
70 136 1
70 183 1
70 90 1
70 168 1
70 132 1
70 126 1
70 131 1
70 181 1
70 106 1
70 111 1
70 178 1
70 179 1
70 87 1
70 198 1
70 137 1
70 83 1
70 143 1
70 151 1
70 152 1
70 192 1
70 184 1
70 122 1
70 110 1
70 156 1
70 98 1
70 93 1
70 81 1
70 159 1
70 133 1
70 141 1
70 177 1
70 102 1
70 72 1
70 120 1
70 170 1
70 164 1
70 149 1
70 145 1
70 74 1
70 86 1
70 115 1
70 139 1
70 144 1
70 161 1
70 71 1
70 105 1
70 153 1
70 77 1
70 127 1
70 109 1
70 172 1
70 104 1
70 78 1
70 130 1
70 187 1
70 97 1
70 108 1
70 117 1
71 134 1
71 140 1
71 92 1
71 122 1
71 107 1
71 191 1
71 173 1
71 194 1
71 198 1
71 79 1
71 110 1
71 162 1
71 123 1
71 132 1
71 148 1
71 118 1
71 112 1
71 126 1
71 85 1
71 121 1
71 153 1
71 149 1
71 186 1
71 143 1
71 150 1
71 131 1
71 138 1
71 114 1
71 95 1
71 90 1
71 160 1
71 189 1
71 182 1
71 190 1
71 164 1
71 175 1
71 178 1
71 157 1
71 136 1
71 104 1
71 100 1
71 163 1
71 145 1
71 84 1
71 98 1
71 133 1
71 129 1
71 111 1
71 174 1
71 188 1
71 81 1
71 147 1
71 197 1
71 97 1
71 80 1
71 193 1
71 199 1
71 187 1
71 78 1
71 156 1
71 93 1
72 113 1
72 193 1
72 107 1
72 135 1
72 139 1
72 110 1
72 109 1
72 117 1
72 165 1
72 172 1
72 97 1
72 173 1
72 119 1
72 118 1
72 132 1
72 181 1
72 140 1
72 148 1
72 130 1
72 188 1
72 129 1
72 142 1
72 104 1
72 152 1
72 137 1
72 79 1
72 200 1
72 196 1
72 77 1
72 84 1
72 180 1
72 128 1
72 186 1
72 81 1
72 76 1
72 134 1
72 154 1
72 87 1
72 167 1
72 136 1
72 116 1
72 120 1
72 194 1
72 114 1
72 144 1
72 170 1
72 175 1
72 155 1
72 93 1
72 189 1
72 150 1
72 88 1
72 169 1
72 160 1
72 166 1
72 161 1
73 139 1
73 190 1
73 91 1
73 74 1
73 111 1
73 145 1
73 141 1
73 127 1
73 158 1
73 178 1
73 80 1
73 96 1
73 171 1
73 129 1
73 164 1
73 199 1
73 172 1
73 196 1
73 126 1
73 98 1
73 176 1
73 97 1
73 166 1
73 152 1
73 88 1
73 86 1
73 110 1
73 146 1
73 162 1
73 182 1
73 102 1
73 89 1
73 200 1
73 144 1
73 194 1
73 92 1
73 191 1
73 170 1
73 136 1
73 107 1
73 106 1
73 156 1
73 169 1
73 82 1
73 167 1
73 122 1
73 157 1
73 79 1
73 81 1
73 184 1
73 150 1
73 78 1
73 85 1
73 193 1
73 168 1
73 195 1
73 76 1
73 175 1
73 105 1
73 151 1
73 94 1
73 188 1
73 77 1
73 138 1
73 148 1
73 174 1
73 100 1
74 144 1
74 136 1
74 78 1
74 110 1
74 105 1
74 134 1
74 119 1
74 181 1
74 112 1
74 200 1
74 114 1
74 172 1
74 101 1
74 95 1
74 130 1
74 173 1
74 178 1
74 177 1
74 193 1
74 138 1
74 161 1
74 171 1
74 91 1
74 115 1
74 93 1
74 81 1
74 184 1
74 150 1
74 141 1
74 180 1
74 103 1
74 124 1
74 123 1
74 107 1
74 158 1
74 129 1
74 87 1
74 189 1
74 99 1
74 159 1
74 186 1
74 143 1
74 108 1
74 106 1
74 86 1
74 104 1
74 165 1
74 90 1
74 128 1
74 83 1
74 77 1
74 174 1
74 183 1
74 196 1
74 163 1
74 100 1
74 160 1
74 157 1
74 199 1
74 126 1
74 179 1
74 79 1
75 181 1
75 97 1
75 113 1
75 162 1
75 92 1
75 133 1
75 200 1
75 147 1
75 160 1
75 114 1
75 159 1
75 170 1
75 194 1
75 109 1
75 195 1
75 161 1
75 132 1
75 144 1
75 115 1
75 197 1
75 171 1
75 185 1
75 196 1
75 157 1
75 118 1
75 112 1
75 127 1
75 182 1
75 166 1
75 117 1
75 125 1
75 139 1
75 178 1
75 103 1
75 180 1
75 145 1
75 198 1
75 88 1
75 189 1
75 120 1
75 187 1
75 100 1
75 108 1
75 124 1
75 81 1
75 199 1
75 179 1
75 148 1
75 143 1
75 106 1
75 86 1
75 136 1
75 167 1
75 128 1
75 177 1
76 104 1
76 122 1
76 144 1
76 119 1
76 194 1
76 89 1
76 172 1
76 116 1
76 102 1
76 179 1
76 167 1
76 155 1
76 153 1
76 154 1
76 199 1
76 92 1
76 181 1
76 161 1
76 84 1
76 183 1
76 141 1
76 130 1
76 95 1
76 105 1
76 190 1
76 145 1
76 106 1
76 197 1
76 126 1
76 180 1
76 101 1
76 146 1
76 188 1
76 131 1
76 103 1
76 152 1
76 165 1
76 79 1
76 164 1
76 173 1
76 112 1
76 98 1
76 111 1
76 149 1
76 99 1
76 137 1
76 134 1
76 186 1
76 198 1
76 182 1
76 90 1
76 100 1
76 86 1
76 151 1
76 87 1
76 85 1
76 94 1
76 82 1
76 121 1
76 163 1
76 158 1
76 135 1
76 177 1
76 176 1
76 113 1
76 143 1
76 127 1
76 184 1
77 153 1
77 170 1
77 109 1
77 108 1
77 106 1
77 172 1
77 136 1
77 186 1
77 123 1
77 179 1
77 194 1
77 86 1
77 121 1
77 114 1
77 99 1
77 189 1
77 198 1
77 82 1
77 185 1
77 163 1
77 175 1
77 160 1
77 169 1
77 164 1
77 180 1
77 145 1
77 127 1
77 159 1
77 95 1
77 193 1
77 100 1
77 132 1
77 84 1
77 117 1
77 157 1
77 111 1
77 184 1
77 85 1
77 122 1
77 110 1
77 177 1
77 156 1
77 190 1
77 141 1
77 165 1
77 131 1
77 148 1
77 150 1
77 181 1
77 154 1
77 167 1
77 199 1
77 142 1
77 158 1
77 138 1
77 134 1
77 97 1
77 115 1
77 168 1
77 135 1
77 91 1
77 191 1
77 147 1
77 139 1
77 161 1
77 162 1
77 103 1
77 176 1
78 175 1
78 170 1
78 178 1
78 154 1
78 159 1
78 177 1
78 83 1
78 181 1
78 101 1
78 124 1
78 147 1
78 166 1
78 194 1
78 88 1
78 105 1
78 82 1
78 99 1
78 148 1
78 132 1
78 134 1
78 150 1
78 130 1
78 117 1
78 139 1
78 153 1
78 92 1
78 172 1
78 123 1
78 190 1
78 140 1
78 95 1
78 191 1
78 84 1
78 156 1
78 185 1
78 152 1
78 93 1
78 141 1
78 85 1
78 136 1
78 131 1
78 189 1
78 125 1
78 157 1
78 100 1
78 173 1
78 138 1
78 135 1
78 149 1
78 198 1
78 91 1
78 151 1
78 182 1
78 122 1
78 128 1
78 126 1
78 174 1
78 176 1
78 146 1
78 144 1
78 111 1
78 180 1
78 109 1
78 106 1
78 129 1
78 121 1
78 155 1
78 143 1
78 79 1
78 96 1
78 162 1
78 120 1
78 164 1
78 160 1
78 184 1
79 135 1
79 95 1
79 144 1
79 138 1
79 169 1
79 86 1
79 200 1
79 193 1
79 113 1
79 142 1
79 158 1
79 159 1
79 199 1
79 104 1
79 153 1
79 180 1
79 194 1
79 127 1
79 81 1
79 125 1
79 101 1
79 141 1
79 168 1
79 120 1
79 130 1
79 107 1
79 87 1
79 116 1
79 121 1
79 155 1
79 147 1
79 196 1
79 186 1
79 119 1
79 123 1
79 174 1
79 188 1
79 82 1
79 192 1
79 165 1
79 94 1
79 91 1
79 134 1
79 172 1
79 126 1
79 183 1
79 92 1
79 128 1
79 162 1
79 103 1
79 129 1
79 111 1
79 154 1
79 132 1
79 187 1
79 90 1
79 140 1
79 102 1
79 173 1
79 151 1
79 99 1
80 93 1
80 92 1
80 140 1
80 101 1
80 142 1
80 122 1
80 178 1
80 192 1
80 124 1
80 138 1
80 109 1
80 193 1
80 115 1
80 87 1
80 132 1
80 155 1
80 170 1
80 173 1
80 130 1
80 117 1
80 196 1
80 151 1
80 165 1
80 88 1
80 129 1
80 128 1
80 187 1
80 183 1
80 197 1
80 199 1
80 106 1
80 153 1
80 186 1
80 171 1
80 194 1
80 179 1
80 137 1
80 164 1
80 83 1
80 180 1
80 98 1
80 198 1
80 100 1
80 200 1
80 104 1
80 107 1
80 84 1
80 99 1
80 133 1
80 103 1
80 174 1
80 172 1
80 169 1
80 85 1
80 108 1
80 150 1
80 185 1
80 152 1
80 175 1
80 191 1
80 90 1
80 112 1
80 182 1
81 183 1
81 190 1
81 137 1
81 192 1
81 161 1
81 138 1
81 185 1
81 154 1
81 181 1
81 193 1
81 119 1
81 111 1
81 106 1
81 151 1
81 91 1
81 136 1
81 90 1
81 121 1
81 88 1
81 120 1
81 196 1
81 167 1
81 139 1
81 156 1
81 102 1
81 101 1
81 84 1
81 82 1
81 87 1
81 108 1
81 159 1
81 134 1
81 107 1
81 83 1
81 143 1
81 123 1
81 174 1
81 150 1
81 155 1
81 172 1
81 118 1
81 160 1
81 194 1
81 129 1
81 173 1
81 135 1
81 109 1
81 191 1
81 105 1
81 114 1
81 130 1
81 175 1
81 171 1
81 169 1
81 147 1
82 137 1
82 144 1
82 122 1
82 120 1
82 142 1
82 196 1
82 112 1
82 184 1
82 177 1
82 126 1
82 107 1
82 119 1
82 200 1
82 157 1
82 155 1
82 86 1
82 181 1
82 89 1
82 174 1
82 152 1
82 100 1
82 163 1
82 115 1
82 192 1
82 140 1
82 109 1
82 117 1
82 133 1
82 172 1
82 158 1
82 161 1
82 130 1
82 186 1
82 124 1
82 90 1
82 149 1
82 95 1
82 146 1
82 179 1
82 98 1
82 189 1
82 110 1
82 131 1
82 114 1
82 134 1
82 193 1
82 145 1
82 165 1
82 178 1
82 188 1
83 172 1
83 111 1
83 101 1
83 105 1
83 134 1
83 193 1
83 144 1
83 147 1
83 86 1
83 109 1
83 190 1
83 175 1
83 198 1
83 153 1
83 130 1
83 157 1
83 195 1
83 156 1
83 129 1
83 104 1
83 185 1
83 177 1
83 142 1
83 155 1
83 168 1
83 176 1
83 159 1
83 106 1
83 181 1
83 90 1
83 87 1
83 160 1
83 121 1
83 139 1
83 141 1
83 184 1
83 113 1
83 119 1
83 154 1
83 107 1
83 108 1
83 97 1
83 112 1
83 91 1
83 200 1
83 145 1
83 151 1
83 171 1
83 115 1
83 150 1
83 133 1
83 93 1
83 92 1
83 125 1
83 102 1
83 186 1
83 182 1
83 167 1
83 199 1
83 183 1
83 194 1
83 98 1
83 191 1
83 88 1
83 152 1
83 131 1
83 179 1
84 173 1
84 180 1
84 194 1
84 156 1
84 161 1
84 155 1
84 147 1
84 198 1
84 188 1
84 126 1
84 140 1
84 88 1
84 162 1
84 186 1
84 116 1
84 183 1
84 165 1
84 141 1
84 134 1
84 124 1
84 144 1
84 158 1
84 120 1
84 86 1
84 192 1
84 95 1
84 98 1
84 171 1
84 123 1
84 174 1
84 125 1
84 179 1
84 122 1
84 127 1
84 109 1
84 128 1
84 133 1
84 94 1
84 104 1
84 191 1
84 93 1
84 152 1
84 106 1
84 102 1
84 151 1
84 164 1
84 159 1
84 153 1
84 121 1
84 196 1
84 90 1
84 110 1
84 163 1
84 139 1
84 87 1
84 129 1
85 140 1
85 148 1
85 102 1
85 174 1
85 157 1
85 96 1
85 144 1
85 101 1
85 93 1
85 127 1
85 188 1
85 183 1
85 198 1
85 135 1
85 195 1
85 107 1
85 89 1
85 167 1
85 94 1
85 149 1
85 126 1
85 112 1
85 181 1
85 114 1
85 122 1
85 156 1
85 106 1
85 110 1
85 142 1
85 115 1
85 137 1
85 136 1
85 111 1
85 179 1
85 118 1
85 193 1
85 98 1
85 130 1
85 124 1
85 173 1
85 164 1
85 187 1
85 146 1
85 105 1
85 199 1
85 139 1
85 172 1
85 162 1
85 120 1
86 159 1
86 122 1
86 129 1
86 96 1
86 126 1
86 192 1
86 111 1
86 190 1
86 139 1
86 127 1
86 174 1
86 191 1
86 112 1
86 99 1
86 118 1
86 116 1
86 182 1
86 176 1
86 153 1
86 157 1
86 140 1
86 98 1
86 93 1
86 152 1
86 128 1
86 187 1
86 134 1
86 155 1
86 166 1
86 161 1
86 107 1
86 197 1
86 172 1
86 154 1
86 184 1
86 200 1
86 100 1
86 131 1
86 151 1
86 102 1
86 89 1
86 113 1
86 194 1
86 160 1
86 123 1
86 150 1
86 178 1
86 109 1
86 148 1
86 149 1
86 196 1
86 146 1
86 188 1
86 110 1
86 156 1
86 90 1
86 175 1
86 198 1
86 106 1
87 119 1
87 129 1
87 134 1
87 149 1
87 89 1
87 92 1
87 171 1
87 143 1
87 188 1
87 133 1
87 128 1
87 200 1
87 158 1
87 195 1
87 104 1
87 120 1
87 151 1
87 174 1
87 157 1
87 123 1
87 125 1
87 90 1
87 139 1
87 101 1
87 196 1
87 186 1
87 147 1
87 166 1
87 150 1
87 140 1
87 126 1
87 91 1
87 118 1
87 163 1
87 193 1
87 165 1
87 181 1
87 187 1
87 185 1
87 102 1
87 190 1
87 131 1
87 141 1
87 99 1
87 109 1
87 132 1
87 103 1
87 135 1
87 179 1
87 180 1
87 107 1
87 130 1
87 145 1
87 121 1
87 173 1
87 94 1
87 168 1
87 192 1
87 142 1
88 109 1
88 192 1
88 171 1
88 193 1
88 164 1
88 148 1
88 196 1
88 190 1
88 186 1
88 162 1
88 105 1
88 170 1
88 184 1
88 187 1
88 91 1
88 189 1
88 169 1
88 140 1
88 141 1
88 138 1
88 177 1
88 99 1
88 149 1
88 135 1
88 133 1
88 163 1
88 127 1
88 145 1
88 129 1
88 125 1
88 120 1
88 157 1
88 174 1
88 161 1
88 132 1
88 134 1
88 197 1
88 119 1
88 158 1
88 198 1
88 147 1
88 114 1
88 93 1
88 167 1
88 137 1
88 121 1
88 100 1
88 89 1
88 182 1
88 194 1
88 195 1
88 102 1
88 126 1
88 151 1
88 104 1
88 152 1
88 199 1
88 108 1
88 181 1
88 96 1
89 99 1
89 172 1
89 130 1
89 155 1
89 170 1
89 169 1
89 187 1
89 178 1
89 117 1
89 118 1
89 191 1
89 113 1
89 94 1
89 142 1
89 131 1
89 95 1
89 144 1
89 119 1
89 137 1
89 182 1
89 107 1
89 90 1
89 109 1
89 167 1
89 122 1
89 138 1
89 161 1
89 181 1
89 104 1
89 110 1
89 151 1
89 140 1
89 165 1
89 143 1
89 163 1
89 186 1
89 150 1
89 115 1
89 188 1
89 134 1
89 175 1
89 164 1
89 194 1
89 129 1
89 162 1
89 179 1
89 198 1
89 177 1
89 101 1
89 193 1
89 156 1
89 97 1
89 185 1
89 192 1
89 183 1
89 184 1
89 148 1
89 106 1
89 171 1
89 195 1
89 146 1
89 108 1
89 197 1
89 111 1
89 145 1
89 102 1
89 141 1
89 176 1
89 196 1
89 147 1
89 103 1
90 200 1
90 140 1
90 95 1
90 162 1
90 175 1
90 118 1
90 177 1
90 120 1
90 137 1
90 186 1
90 179 1
90 176 1
90 134 1
90 131 1
90 187 1
90 135 1
90 170 1
90 119 1
90 152 1
90 154 1
90 173 1
90 144 1
90 146 1
90 122 1
90 102 1
90 145 1
90 169 1
90 99 1
90 127 1
90 164 1
90 125 1
90 159 1
90 163 1
90 128 1
90 192 1
90 108 1
90 141 1
90 133 1
90 167 1
90 160 1
90 94 1
90 174 1
90 193 1
90 185 1
90 149 1
90 106 1
90 168 1
90 188 1
90 143 1
90 107 1
90 117 1
90 138 1
90 184 1
90 116 1
90 126 1
90 151 1
90 148 1
90 158 1
90 103 1
90 111 1
90 110 1
91 166 1
91 104 1
91 111 1
91 124 1
91 167 1
91 152 1
91 132 1
91 133 1
91 109 1
91 121 1
91 181 1
91 165 1
91 114 1
91 115 1
91 200 1
91 96 1
91 176 1
91 198 1
91 190 1
91 182 1
91 120 1
91 108 1
91 127 1
91 170 1
91 129 1
91 105 1
91 193 1
91 102 1
91 156 1
91 113 1
91 118 1
91 188 1
91 183 1
91 151 1
91 98 1
91 158 1
91 175 1
91 192 1
91 148 1
91 163 1
91 164 1
91 169 1
91 126 1
91 161 1
91 136 1
91 97 1
91 191 1
91 142 1
91 194 1
91 184 1
91 135 1
91 110 1
91 131 1
91 145 1
91 112 1
91 141 1
91 139 1
91 116 1
91 95 1
91 195 1
91 134 1
91 155 1
92 94 1
92 190 1
92 162 1
92 120 1
92 144 1
92 185 1
92 161 1
92 150 1
92 188 1
92 146 1
92 93 1
92 137 1
92 169 1
92 119 1
92 176 1
92 118 1
92 133 1
92 97 1
92 200 1
92 147 1
92 195 1
92 163 1
92 174 1
92 153 1
92 166 1
92 164 1
92 115 1
92 103 1
92 136 1
92 193 1
92 148 1
92 99 1
92 98 1
92 110 1
92 125 1
92 184 1
92 109 1
92 171 1
92 130 1
92 123 1
92 165 1
92 129 1
92 101 1
92 107 1
92 189 1
92 167 1
92 155 1
92 159 1
92 196 1
92 179 1
92 116 1
92 170 1
92 113 1
92 199 1
92 131 1
92 168 1
92 197 1
93 123 1
93 125 1
93 137 1
93 164 1
93 160 1
93 199 1
93 173 1
93 163 1
93 178 1
93 197 1
93 97 1
93 116 1
93 169 1
93 191 1
93 107 1
93 183 1
93 99 1
93 190 1
93 127 1
93 182 1
93 185 1
93 102 1
93 133 1
93 126 1
93 184 1
93 136 1
93 172 1
93 119 1
93 177 1
93 155 1
93 110 1
93 170 1
93 134 1
93 140 1
93 162 1
93 158 1
93 146 1
93 113 1
93 124 1
93 100 1
93 138 1
93 195 1
93 187 1
93 145 1
93 186 1
93 174 1
93 147 1
93 130 1
93 180 1
94 147 1
94 175 1
94 170 1
94 199 1
94 104 1
94 178 1
94 131 1
94 125 1
94 150 1
94 107 1
94 168 1
94 142 1
94 196 1
94 184 1
94 133 1
94 192 1
94 165 1
94 187 1
94 154 1
94 149 1
94 135 1
94 161 1
94 115 1
94 129 1
94 116 1
94 98 1
94 171 1
94 166 1
94 155 1
94 176 1
94 174 1
94 96 1
94 145 1
94 108 1
94 158 1
94 153 1
94 191 1
94 112 1
94 122 1
94 185 1
94 177 1
94 180 1
94 198 1
94 179 1
94 128 1
94 173 1
94 95 1
94 106 1
94 110 1
94 111 1
94 197 1
94 167 1
94 160 1
94 123 1
94 181 1
94 195 1
94 190 1
94 151 1
95 160 1
95 170 1
95 171 1
95 100 1
95 186 1
95 183 1
95 198 1
95 122 1
95 188 1
95 128 1
95 129 1
95 169 1
95 107 1
95 155 1
95 116 1
95 165 1
95 103 1
95 133 1
95 168 1
95 189 1
95 96 1
95 151 1
95 185 1
95 118 1
95 110 1
95 123 1
95 161 1
95 112 1
95 159 1
95 164 1
95 153 1
95 143 1
95 157 1
95 120 1
95 105 1
95 130 1
95 146 1
95 119 1
95 115 1
95 149 1
95 97 1
95 184 1
95 190 1
95 182 1
95 196 1
95 108 1
95 124 1
95 99 1
95 172 1
95 192 1
95 200 1
95 132 1
95 162 1
95 173 1
95 191 1
95 174 1
95 144 1
96 170 1
96 193 1
96 119 1
96 153 1
96 141 1
96 113 1
96 110 1
96 200 1
96 145 1
96 163 1
96 122 1
96 185 1
96 184 1
96 156 1
96 192 1
96 115 1
96 194 1
96 154 1
96 190 1
96 177 1
96 162 1
96 139 1
96 147 1
96 186 1
96 135 1
96 130 1
96 112 1
96 124 1
96 104 1
96 128 1
96 140 1
96 176 1
96 102 1
96 183 1
96 114 1
96 149 1
96 148 1
96 151 1
96 109 1
96 118 1
97 173 1
97 150 1
97 176 1
97 162 1
97 164 1
97 193 1
97 155 1
97 109 1
97 174 1
97 194 1
97 99 1
97 114 1
97 137 1
97 112 1
97 178 1
97 188 1
97 145 1
97 98 1
97 106 1
97 127 1
97 168 1
97 186 1
97 184 1
97 198 1
97 199 1
97 126 1
97 121 1
97 158 1
97 134 1
97 166 1
97 133 1
97 153 1
97 183 1
97 105 1
97 132 1
97 141 1
97 187 1
97 116 1
97 139 1
97 154 1
97 118 1
97 135 1
97 182 1
97 130 1
97 191 1
97 163 1
97 119 1
98 115 1
98 106 1
98 172 1
98 130 1
98 110 1
98 179 1
98 105 1
98 141 1
98 170 1
98 138 1
98 165 1
98 127 1
98 139 1
98 145 1
98 101 1
98 177 1
98 121 1
98 124 1
98 152 1
98 191 1
98 194 1
98 133 1
98 164 1
98 199 1
98 144 1
98 117 1
98 180 1
98 109 1
98 176 1
98 122 1
98 190 1
98 148 1
98 187 1
98 113 1
98 107 1
98 159 1
98 99 1
98 193 1
98 151 1
98 146 1
98 155 1
98 158 1
98 123 1
98 200 1
98 181 1
98 136 1
98 128 1
98 188 1
98 168 1
99 174 1
99 118 1
99 148 1
99 125 1
99 176 1
99 105 1
99 104 1
99 139 1
99 173 1
99 101 1
99 131 1
99 121 1
99 169 1
99 189 1
99 177 1
99 117 1
99 181 1
99 128 1
99 156 1
99 110 1
99 160 1
99 136 1
99 199 1
99 102 1
99 142 1
99 114 1
99 134 1
99 164 1
99 191 1
99 149 1
99 172 1
99 132 1
99 150 1
99 197 1
99 154 1
99 165 1
99 178 1
99 113 1
99 109 1
100 173 1
100 164 1
100 179 1
100 113 1
100 111 1
100 160 1
100 190 1
100 163 1
100 193 1
100 122 1
100 108 1
100 153 1
100 141 1
100 189 1
100 169 1
100 103 1
100 171 1
100 162 1
100 177 1
100 148 1
100 146 1
100 191 1
100 182 1
100 109 1
100 116 1
100 194 1
100 172 1
100 156 1
100 200 1
100 159 1
100 120 1
100 110 1
100 185 1
100 187 1
100 115 1
100 105 1
100 149 1
100 170 1
100 137 1
100 119 1
100 186 1
100 129 1
100 166 1
100 143 1
100 147 1
100 112 1
100 135 1
100 125 1
100 114 1
100 142 1
100 101 1
100 126 1
100 178 1
100 152 1
100 167 1
101 126 1
101 189 1
101 159 1
101 175 1
101 182 1
101 188 1
101 178 1
101 181 1
101 103 1
101 150 1
101 190 1
101 111 1
101 170 1
101 114 1
101 117 1
101 185 1
101 120 1
101 119 1
101 193 1
101 137 1
101 123 1
101 128 1
101 194 1
101 112 1
101 104 1
101 152 1
101 160 1
101 173 1
101 179 1
101 196 1
101 155 1
101 140 1
101 162 1
101 146 1
101 131 1
101 161 1
101 142 1
101 105 1
101 198 1
101 132 1
101 157 1
101 149 1
102 200 1
102 126 1
102 155 1
102 158 1
102 166 1
102 128 1
102 134 1
102 173 1
102 136 1
102 103 1
102 125 1
102 145 1
102 118 1
102 174 1
102 104 1
102 191 1
102 180 1
102 138 1
102 171 1
102 116 1
102 137 1
102 189 1
102 131 1
102 113 1
102 140 1
102 111 1
102 114 1
102 163 1
102 112 1
102 194 1
102 149 1
102 121 1
102 123 1
102 167 1
102 162 1
102 161 1
102 156 1
102 151 1
102 164 1
102 176 1
102 135 1
102 109 1
102 146 1
102 199 1
102 197 1
102 185 1
102 147 1
102 119 1
102 183 1
102 159 1
102 181 1
102 172 1
102 178 1
103 176 1
103 121 1
103 195 1
103 126 1
103 147 1
103 139 1
103 113 1
103 199 1
103 163 1
103 122 1
103 120 1
103 192 1
103 159 1
103 178 1
103 124 1
103 132 1
103 104 1
103 150 1
103 156 1
103 144 1
103 162 1
103 185 1
103 154 1
103 135 1
103 172 1
103 181 1
103 186 1
103 146 1
103 138 1
103 133 1
103 168 1
103 142 1
103 190 1
103 164 1
103 115 1
103 189 1
103 123 1
103 105 1
103 152 1
103 184 1
103 153 1
103 165 1
103 111 1
103 136 1
103 183 1
103 118 1
103 166 1
103 119 1
103 193 1
103 188 1
103 141 1
103 116 1
103 117 1
103 143 1
104 136 1
104 109 1
104 111 1
104 144 1
104 182 1
104 154 1
104 188 1
104 153 1
104 125 1
104 145 1
104 178 1
104 146 1
104 165 1
104 158 1
104 185 1
104 120 1
104 196 1
104 157 1
104 190 1
104 129 1
104 160 1
104 139 1
104 171 1
104 116 1
104 200 1
104 149 1
104 162 1
104 118 1
104 123 1
104 180 1
104 159 1
104 124 1
104 115 1
104 128 1
104 106 1
104 135 1
104 176 1
104 181 1
104 191 1
104 186 1
104 138 1
104 105 1
104 133 1
104 119 1
104 177 1
104 134 1
105 143 1
105 180 1
105 196 1
105 178 1
105 186 1
105 195 1
105 174 1
105 189 1
105 154 1
105 187 1
105 169 1
105 175 1
105 182 1
105 123 1
105 128 1
105 198 1
105 110 1
105 149 1
105 108 1
105 138 1
105 181 1
105 132 1
105 126 1
105 133 1
105 112 1
105 176 1
105 161 1
105 120 1
105 159 1
105 145 1
105 109 1
105 188 1
105 190 1
105 160 1
105 192 1
105 191 1
105 165 1
105 136 1
105 166 1
105 164 1
105 194 1
105 139 1
105 172 1
105 135 1
105 162 1
105 184 1
105 134 1
105 177 1
105 116 1
106 161 1
106 178 1
106 135 1
106 160 1
106 189 1
106 192 1
106 117 1
106 193 1
106 128 1
106 167 1
106 122 1
106 170 1
106 139 1
106 190 1
106 176 1
106 162 1
106 148 1
106 147 1
106 124 1
106 172 1
106 145 1
106 157 1
106 110 1
106 136 1
106 146 1
106 182 1
106 125 1
106 153 1
106 200 1
106 141 1
106 130 1
106 132 1
106 127 1
106 187 1
106 149 1
106 184 1
106 116 1
106 186 1
106 118 1
106 177 1
106 137 1
106 119 1
106 165 1
106 175 1
106 185 1
106 152 1
106 174 1
106 111 1
106 109 1
106 166 1
107 199 1
107 153 1
107 194 1
107 186 1
107 188 1
107 129 1
107 173 1
107 123 1
107 171 1
107 108 1
107 142 1
107 125 1
107 115 1
107 133 1
107 135 1
107 114 1
107 137 1
107 191 1
107 122 1
107 179 1
107 200 1
107 128 1
107 140 1
107 146 1
107 170 1
107 190 1
107 118 1
107 110 1
107 175 1
107 189 1
107 198 1
107 176 1
107 154 1
107 182 1
107 169 1
107 193 1
107 131 1
107 166 1
107 121 1
107 139 1
107 124 1
107 151 1
107 127 1
107 172 1
107 119 1
107 148 1
107 168 1
107 174 1
107 181 1
107 109 1
107 120 1
108 124 1
108 142 1
108 126 1
108 171 1
108 172 1
108 194 1
108 168 1
108 118 1
108 160 1
108 125 1
108 181 1
108 138 1
108 135 1
108 148 1
108 189 1
108 134 1
108 186 1
108 154 1
108 188 1
108 114 1
108 159 1
108 147 1
108 120 1
108 119 1
108 131 1
108 193 1
108 191 1
108 143 1
108 122 1
108 145 1
108 197 1
108 157 1
108 128 1
108 136 1
108 176 1
108 137 1
108 130 1
108 183 1
108 166 1
108 151 1
108 162 1
108 121 1
108 144 1
108 192 1
108 146 1
108 111 1
108 109 1
108 175 1
108 185 1
109 199 1
109 139 1
109 144 1
109 170 1
109 182 1
109 167 1
109 110 1
109 115 1
109 133 1
109 149 1
109 163 1
109 165 1
109 114 1
109 185 1
109 157 1
109 183 1
109 152 1
109 117 1
109 145 1
109 161 1
109 146 1
109 126 1
109 195 1
109 179 1
109 147 1
109 113 1
109 129 1
109 176 1
109 143 1
109 166 1
109 132 1
109 123 1
109 119 1
109 184 1
109 141 1
109 168 1
109 124 1
109 151 1
109 198 1
109 173 1
109 156 1
109 131 1
109 116 1
109 150 1
109 112 1
109 118 1
110 133 1
110 185 1
110 141 1
110 122 1
110 197 1
110 173 1
110 121 1
110 155 1
110 186 1
110 137 1
110 191 1
110 140 1
110 116 1
110 199 1
110 168 1
110 152 1
110 159 1
110 175 1
110 172 1
110 120 1
110 157 1
110 183 1
110 189 1
110 198 1
110 111 1
110 193 1
110 123 1
110 114 1
110 177 1
110 158 1
110 182 1
110 178 1
110 169 1
110 179 1
110 143 1
110 125 1
110 194 1
110 196 1
110 174 1
110 118 1
110 200 1
110 113 1
110 131 1
110 163 1
111 136 1
111 137 1
111 138 1
111 185 1
111 153 1
111 192 1
111 149 1
111 170 1
111 129 1
111 142 1
111 151 1
111 144 1
111 161 1
111 164 1
111 167 1
111 118 1
111 152 1
111 176 1
111 197 1
111 124 1
111 173 1
111 179 1
111 126 1
111 187 1
111 159 1
111 145 1
111 146 1
111 190 1
111 128 1
111 127 1
111 163 1
111 194 1
111 120 1
111 148 1
111 122 1
112 142 1
112 196 1
112 135 1
112 127 1
112 149 1
112 190 1
112 198 1
112 138 1
112 169 1
112 177 1
112 124 1
112 130 1
112 151 1
112 178 1
112 115 1
112 154 1
112 163 1
112 164 1
112 158 1
112 199 1
112 176 1
112 114 1
112 161 1
112 166 1
112 160 1
112 129 1
112 167 1
112 155 1
112 144 1
112 146 1
112 188 1
112 123 1
112 181 1
112 150 1
112 143 1
112 141 1
112 136 1
112 128 1
112 171 1
112 157 1
112 119 1
112 117 1
112 125 1
112 189 1
112 134 1
112 172 1
112 126 1
113 191 1
113 144 1
113 121 1
113 169 1
113 154 1
113 198 1
113 177 1
113 196 1
113 200 1
113 119 1
113 188 1
113 192 1
113 133 1
113 163 1
113 116 1
113 136 1
113 134 1
113 115 1
113 135 1
113 153 1
113 167 1
113 120 1
113 166 1
113 124 1
113 141 1
113 180 1
113 149 1
113 156 1
113 138 1
113 170 1
113 181 1
113 189 1
113 129 1
113 197 1
113 160 1
113 158 1
113 199 1
113 175 1
113 185 1
113 194 1
114 155 1
114 199 1
114 131 1
114 186 1
114 154 1
114 176 1
114 159 1
114 140 1
114 151 1
114 184 1
114 197 1
114 168 1
114 117 1
114 123 1
114 138 1
114 139 1
114 130 1
114 171 1
114 195 1
114 180 1
114 132 1
114 153 1
114 181 1
114 200 1
114 122 1
114 118 1
114 160 1
114 157 1
114 148 1
114 198 1
114 124 1
114 183 1
114 119 1
114 187 1
114 167 1
114 170 1
114 128 1
115 123 1
115 124 1
115 119 1
115 185 1
115 200 1
115 161 1
115 163 1
115 131 1
115 117 1
115 191 1
115 158 1
115 199 1
115 154 1
115 144 1
115 133 1
115 159 1
115 149 1
115 178 1
115 162 1
115 157 1
115 137 1
115 196 1
115 129 1
115 198 1
115 141 1
115 122 1
115 176 1
115 128 1
115 126 1
115 152 1
115 197 1
115 164 1
115 166 1
115 148 1
115 179 1
115 136 1
115 194 1
115 147 1
116 185 1
116 137 1
116 172 1
116 181 1
116 117 1
116 156 1
116 158 1
116 118 1
116 191 1
116 152 1
116 165 1
116 187 1
116 170 1
116 194 1
116 143 1
116 169 1
116 130 1
116 171 1
116 178 1
116 133 1
116 175 1
116 179 1
116 198 1
116 128 1
116 127 1
116 139 1
116 195 1
116 177 1
116 151 1
116 164 1
116 145 1
116 168 1
116 186 1
116 192 1
116 129 1
116 154 1
116 136 1
116 155 1
116 126 1
116 199 1
116 123 1
116 138 1
117 127 1
117 188 1
117 163 1
117 185 1
117 150 1
117 180 1
117 139 1
117 144 1
117 122 1
117 193 1
117 170 1
117 118 1
117 184 1
117 133 1
117 177 1
117 126 1
117 175 1
117 160 1
117 137 1
117 120 1
117 147 1
117 167 1
117 168 1
117 143 1
117 162 1
117 195 1
117 178 1
117 169 1
117 152 1
117 134 1
117 148 1
117 189 1
117 172 1
117 128 1
117 190 1
117 130 1
117 182 1
117 191 1
117 199 1
117 192 1
118 174 1
118 165 1
118 189 1
118 170 1
118 183 1
118 195 1
118 138 1
118 181 1
118 121 1
118 142 1
118 171 1
118 198 1
118 192 1
118 125 1
118 156 1
118 185 1
118 145 1
118 191 1
118 134 1
118 190 1
118 186 1
118 154 1
118 194 1
118 139 1
118 182 1
118 140 1
118 150 1
118 180 1
118 168 1
118 122 1
118 169 1
118 157 1
118 166 1
118 155 1
118 151 1
118 148 1
118 129 1
119 124 1
119 171 1
119 131 1
119 184 1
119 185 1
119 194 1
119 157 1
119 170 1
119 138 1
119 195 1
119 197 1
119 183 1
119 179 1
119 163 1
119 136 1
119 182 1
119 162 1
119 126 1
119 165 1
119 154 1
119 144 1
119 132 1
119 173 1
119 137 1
119 156 1
119 178 1
119 123 1
119 147 1
119 130 1
119 168 1
119 148 1
119 142 1
119 160 1
119 133 1
119 146 1
120 192 1
120 144 1
120 191 1
120 151 1
120 132 1
120 169 1
120 194 1
120 136 1
120 124 1
120 158 1
120 143 1
120 139 1
120 167 1
120 125 1
120 135 1
120 165 1
120 157 1
120 179 1
120 127 1
120 193 1
120 147 1
120 137 1
120 196 1
120 180 1
120 146 1
120 141 1
120 197 1
120 174 1
120 138 1
120 173 1
120 133 1
120 126 1
120 130 1
120 129 1
120 186 1
120 177 1
120 150 1
120 161 1
120 159 1
120 160 1
120 176 1
121 183 1
121 155 1
121 169 1
121 190 1
121 133 1
121 126 1
121 128 1
121 172 1
121 139 1
121 123 1
121 160 1
121 161 1
121 194 1
121 134 1
121 193 1
121 143 1
121 124 1
121 185 1
121 150 1
121 130 1
121 162 1
121 135 1
121 140 1
121 163 1
121 184 1
121 138 1
121 175 1
121 132 1
121 164 1
121 196 1
121 141 1
121 200 1
121 149 1
121 166 1
121 147 1
121 137 1
121 125 1
121 151 1
121 144 1
121 191 1
121 156 1
121 136 1
122 190 1
122 160 1
122 138 1
122 178 1
122 168 1
122 137 1
122 147 1
122 150 1
122 182 1
122 187 1
122 200 1
122 179 1
122 139 1
122 171 1
122 126 1
122 136 1
122 133 1
122 186 1
122 194 1
122 188 1
122 124 1
122 170 1
122 198 1
122 191 1
122 154 1
122 149 1
122 162 1
122 161 1
122 128 1
122 172 1
122 189 1
122 177 1
122 195 1
122 175 1
122 134 1
122 151 1
122 130 1
122 165 1
123 175 1
123 126 1
123 159 1
123 190 1
123 158 1
123 153 1
123 161 1
123 154 1
123 174 1
123 172 1
123 151 1
123 135 1
123 138 1
123 199 1
123 168 1
123 167 1
123 173 1
123 148 1
123 196 1
123 163 1
123 200 1
123 150 1
123 136 1
123 180 1
123 155 1
123 152 1
123 130 1
123 146 1
123 128 1
123 149 1
124 158 1
124 183 1
124 177 1
124 147 1
124 131 1
124 153 1
124 176 1
124 155 1
124 149 1
124 196 1
124 200 1
124 192 1
124 146 1
124 172 1
124 165 1
124 191 1
124 151 1
124 180 1
124 167 1
124 186 1
124 169 1
124 187 1
124 174 1
124 126 1
124 154 1
124 179 1
124 185 1
124 181 1
124 148 1
124 152 1
124 125 1
124 128 1
124 127 1
124 156 1
124 150 1
124 184 1
124 194 1
124 133 1
124 130 1
124 137 1
125 132 1
125 172 1
125 171 1
125 165 1
125 141 1
125 158 1
125 134 1
125 198 1
125 136 1
125 188 1
125 133 1
125 137 1
125 143 1
125 149 1
125 140 1
125 179 1
125 181 1
125 194 1
125 163 1
125 167 1
125 160 1
125 159 1
125 195 1
125 182 1
125 144 1
125 200 1
125 193 1
125 190 1
125 135 1
125 126 1
125 150 1
125 173 1
125 183 1
125 192 1
125 128 1
125 187 1
125 130 1
125 170 1
125 174 1
125 177 1
125 139 1
125 166 1
126 173 1
126 156 1
126 182 1
126 146 1
126 198 1
126 175 1
126 170 1
126 127 1
126 134 1
126 138 1
126 159 1
126 162 1
126 132 1
126 141 1
126 151 1
126 150 1
126 143 1
126 191 1
126 144 1
126 139 1
126 133 1
126 187 1
126 184 1
126 154 1
126 194 1
126 142 1
126 147 1
126 196 1
126 140 1
126 180 1
126 176 1
127 196 1
127 159 1
127 183 1
127 192 1
127 131 1
127 164 1
127 161 1
127 170 1
127 140 1
127 178 1
127 190 1
127 193 1
127 134 1
127 185 1
127 173 1
127 187 1
127 166 1
127 130 1
127 199 1
127 182 1
127 142 1
127 174 1
127 147 1
127 146 1
127 194 1
127 129 1
127 153 1
127 133 1
127 184 1
127 168 1
127 155 1
127 181 1
127 150 1
128 142 1
128 192 1
128 176 1
128 188 1
128 168 1
128 166 1
128 169 1
128 193 1
128 145 1
128 162 1
128 139 1
128 154 1
128 185 1
128 178 1
128 130 1
128 149 1
128 161 1
128 160 1
128 137 1
128 147 1
128 146 1
128 151 1
128 199 1
128 191 1
128 196 1
128 138 1
128 159 1
129 157 1
129 179 1
129 152 1
129 180 1
129 177 1
129 199 1
129 148 1
129 140 1
129 141 1
129 136 1
129 197 1
129 146 1
129 132 1
129 134 1
129 159 1
129 167 1
129 156 1
129 165 1
129 193 1
129 175 1
129 181 1
129 178 1
129 143 1
129 171 1
129 155 1
129 192 1
129 168 1
129 182 1
129 133 1
129 195 1
129 135 1
129 131 1
129 130 1
129 196 1
129 186 1
129 150 1
129 147 1
129 163 1
129 188 1
129 162 1
130 195 1
130 148 1
130 162 1
130 191 1
130 131 1
130 175 1
130 168 1
130 155 1
130 185 1
130 181 1
130 184 1
130 183 1
130 200 1
130 144 1
130 198 1
130 174 1
130 146 1
130 170 1
130 159 1
130 176 1
130 194 1
130 149 1
130 150 1
130 163 1
130 180 1
130 138 1
130 192 1
130 141 1
130 142 1
130 172 1
130 157 1
130 187 1
130 177 1
130 182 1
130 196 1
130 188 1
130 133 1
130 165 1
130 132 1
131 200 1
131 132 1
131 179 1
131 190 1
131 152 1
131 139 1
131 180 1
131 169 1
131 162 1
131 166 1
131 154 1
131 187 1
131 171 1
131 158 1
131 143 1
131 148 1
131 144 1
131 136 1
131 157 1
131 194 1
131 198 1
131 188 1
131 140 1
131 197 1
131 164 1
131 160 1
131 175 1
131 199 1
131 185 1
131 186 1
131 168 1
131 149 1
132 148 1
132 176 1
132 191 1
132 150 1
132 141 1
132 162 1
132 192 1
132 143 1
132 149 1
132 152 1
132 195 1
132 145 1
132 137 1
132 147 1
132 154 1
132 184 1
132 172 1
132 198 1
132 199 1
132 168 1
132 161 1
132 133 1
132 194 1
132 136 1
132 188 1
132 144 1
132 142 1
132 151 1
132 200 1
132 183 1
132 165 1
132 135 1
132 156 1
132 187 1
132 167 1
132 181 1
132 155 1
132 163 1
132 153 1
132 140 1
133 162 1
133 186 1
133 192 1
133 164 1
133 183 1
133 199 1
133 189 1
133 195 1
133 197 1
133 182 1
133 156 1
133 148 1
133 200 1
133 169 1
133 178 1
133 150 1
133 190 1
133 198 1
133 181 1
133 145 1
133 159 1
133 142 1
133 179 1
133 165 1
133 152 1
133 163 1
133 188 1
133 134 1
133 176 1
133 160 1
133 167 1
133 151 1
133 136 1
133 157 1
133 144 1
133 191 1
133 193 1
133 149 1
133 180 1
134 197 1
134 145 1
134 161 1
134 156 1
134 172 1
134 147 1
134 179 1
134 164 1
134 183 1
134 140 1
134 136 1
134 144 1
134 151 1
134 150 1
134 176 1
134 178 1
134 142 1
134 168 1
134 192 1
134 149 1
134 182 1
134 171 1
134 177 1
134 159 1
134 153 1
134 189 1
134 175 1
134 160 1
134 181 1
134 194 1
134 199 1
134 170 1
134 180 1
134 163 1
135 198 1
135 145 1
135 187 1
135 190 1
135 176 1
135 180 1
135 152 1
135 177 1
135 196 1
135 192 1
135 170 1
135 139 1
135 167 1
135 148 1
135 140 1
135 156 1
135 163 1
135 157 1
135 136 1
135 199 1
135 174 1
135 138 1
135 184 1
135 164 1
135 141 1
135 154 1
135 178 1
135 189 1
135 161 1
135 171 1
135 197 1
135 193 1
135 186 1
136 140 1
136 162 1
136 154 1
136 147 1
136 175 1
136 143 1
136 193 1
136 191 1
136 182 1
136 149 1
136 188 1
136 198 1
136 159 1
136 189 1
136 179 1
136 176 1
136 169 1
136 180 1
136 196 1
136 166 1
136 183 1
136 194 1
136 171 1
136 164 1
136 145 1
136 157 1
136 200 1
136 158 1
136 167 1
136 155 1
137 195 1
137 144 1
137 154 1
137 177 1
137 182 1
137 180 1
137 179 1
137 165 1
137 196 1
137 147 1
137 151 1
137 161 1
137 168 1
137 143 1
137 153 1
137 142 1
137 183 1
137 140 1
137 148 1
137 164 1
137 189 1
137 146 1
137 162 1
137 191 1
137 173 1
137 184 1
137 176 1
137 167 1
137 169 1
137 150 1
137 158 1
137 181 1
138 183 1
138 170 1
138 181 1
138 178 1
138 176 1
138 139 1
138 140 1
138 173 1
138 172 1
138 163 1
138 155 1
138 193 1
138 190 1
138 149 1
138 159 1
138 167 1
138 148 1
138 164 1
138 166 1
138 186 1
138 194 1
138 192 1
138 169 1
138 147 1
138 182 1
138 143 1
138 171 1
138 200 1
138 191 1
138 160 1
139 188 1
139 141 1
139 140 1
139 184 1
139 190 1
139 166 1
139 168 1
139 154 1
139 193 1
139 171 1
139 181 1
139 159 1
139 167 1
139 150 1
139 175 1
139 198 1
139 177 1
139 173 1
139 155 1
139 199 1
139 143 1
139 191 1
139 178 1
140 172 1
140 187 1
140 157 1
140 174 1
140 178 1
140 167 1
140 192 1
140 164 1
140 188 1
140 196 1
140 181 1
140 194 1
140 182 1
140 169 1
140 168 1
140 146 1
140 189 1
140 166 1
140 150 1
140 143 1
140 197 1
140 145 1
140 141 1
140 177 1
140 179 1
140 191 1
140 148 1
140 198 1
140 162 1
140 199 1
141 175 1
141 159 1
141 200 1
141 182 1
141 174 1
141 177 1
141 195 1
141 188 1
141 142 1
141 187 1
141 199 1
141 144 1
141 145 1
141 170 1
141 169 1
141 186 1
141 168 1
141 179 1
141 190 1
141 171 1
141 176 1
142 199 1
142 166 1
142 163 1
142 180 1
142 149 1
142 196 1
142 186 1
142 146 1
142 193 1
142 158 1
142 183 1
142 162 1
142 172 1
142 184 1
142 190 1
142 148 1
142 144 1
142 171 1
142 147 1
142 161 1
142 145 1
142 197 1
142 200 1
142 155 1
142 170 1
142 176 1
142 165 1
142 159 1
142 191 1
142 181 1
142 151 1
142 195 1
142 188 1
142 168 1
142 178 1
142 182 1
142 167 1
142 150 1
142 189 1
142 177 1
143 159 1
143 194 1
143 173 1
143 188 1
143 167 1
143 153 1
143 155 1
143 160 1
143 158 1
143 152 1
143 182 1
143 150 1
143 172 1
143 184 1
143 149 1
143 199 1
143 145 1
143 174 1
143 193 1
143 178 1
143 154 1
143 181 1
143 195 1
143 198 1
143 156 1
143 196 1
143 179 1
143 200 1
143 190 1
143 171 1
143 183 1
143 148 1
143 147 1
144 166 1
144 195 1
144 186 1
144 153 1
144 163 1
144 174 1
144 145 1
144 188 1
144 185 1
144 177 1
144 179 1
144 150 1
144 192 1
144 175 1
144 170 1
144 155 1
144 187 1
144 160 1
144 157 1
144 178 1
144 172 1
144 182 1
144 147 1
144 149 1
144 146 1
144 193 1
144 152 1
144 167 1
144 168 1
144 154 1
144 162 1
145 158 1
145 155 1
145 193 1
145 171 1
145 194 1
145 180 1
145 154 1
145 178 1
145 196 1
145 167 1
145 189 1
145 169 1
145 173 1
145 168 1
145 185 1
145 161 1
145 166 1
145 152 1
145 150 1
145 172 1
145 149 1
145 177 1
145 200 1
145 190 1
145 188 1
145 159 1
145 179 1
145 199 1
145 162 1
146 186 1
146 188 1
146 169 1
146 179 1
146 148 1
146 159 1
146 197 1
146 166 1
146 150 1
146 193 1
146 199 1
146 181 1
146 149 1
146 184 1
146 163 1
146 155 1
146 156 1
146 157 1
146 161 1
146 171 1
146 158 1
146 180 1
146 187 1
146 182 1
147 176 1
147 166 1
147 149 1
147 191 1
147 186 1
147 184 1
147 181 1
147 174 1
147 185 1
147 150 1
147 188 1
147 177 1
147 169 1
147 151 1
147 179 1
147 168 1
147 183 1
147 171 1
147 158 1
147 155 1
147 173 1
147 152 1
147 178 1
147 148 1
147 200 1
147 165 1
148 195 1
148 149 1
148 182 1
148 160 1
148 194 1
148 152 1
148 153 1
148 173 1
148 158 1
148 192 1
148 157 1
148 197 1
148 166 1
148 171 1
148 181 1
148 176 1
148 185 1
148 162 1
149 173 1
149 176 1
149 182 1
149 162 1
149 187 1
149 197 1
149 166 1
149 153 1
149 155 1
149 170 1
149 179 1
149 185 1
149 191 1
149 150 1
149 168 1
149 199 1
149 193 1
149 177 1
149 169 1
149 161 1
149 196 1
149 174 1
149 192 1
150 193 1
150 197 1
150 189 1
150 167 1
150 171 1
150 187 1
150 164 1
150 163 1
150 166 1
150 199 1
150 196 1
150 158 1
150 200 1
150 174 1
150 161 1
150 195 1
150 185 1
150 177 1
150 162 1
150 180 1
150 156 1
150 154 1
150 168 1
150 172 1
150 191 1
150 182 1
150 188 1
150 175 1
151 163 1
151 157 1
151 185 1
151 177 1
151 176 1
151 192 1
151 162 1
151 182 1
151 152 1
151 174 1
151 199 1
151 188 1
151 159 1
151 161 1
151 184 1
151 170 1
151 154 1
151 153 1
151 198 1
151 169 1
151 191 1
151 158 1
151 167 1
151 181 1
151 156 1
151 196 1
152 171 1
152 181 1
152 191 1
152 156 1
152 199 1
152 178 1
152 194 1
152 162 1
152 190 1
152 179 1
152 177 1
152 192 1
152 170 1
152 176 1
152 174 1
152 175 1
152 164 1
152 187 1
152 163 1
152 195 1
152 158 1
152 188 1
152 154 1
153 184 1
153 198 1
153 155 1
153 181 1
153 166 1
153 178 1
153 157 1
153 199 1
153 158 1
153 165 1
153 176 1
153 190 1
153 168 1
153 187 1
153 169 1
153 186 1
153 191 1
153 159 1
153 200 1
153 183 1
153 163 1
153 154 1
153 162 1
153 185 1
153 156 1
153 177 1
154 198 1
154 163 1
154 172 1
154 159 1
154 174 1
154 165 1
154 199 1
154 160 1
154 173 1
154 185 1
154 192 1
154 176 1
154 156 1
154 194 1
154 168 1
154 175 1
154 200 1
154 187 1
154 189 1
154 177 1
154 180 1
154 196 1
154 169 1
154 157 1
154 164 1
154 158 1
154 190 1
155 176 1
155 184 1
155 163 1
155 188 1
155 194 1
155 179 1
155 200 1
155 175 1
155 178 1
155 159 1
155 196 1
155 185 1
155 189 1
155 170 1
155 168 1
155 195 1
155 187 1
155 190 1
155 177 1
155 183 1
155 171 1
155 191 1
156 184 1
156 168 1
156 187 1
156 185 1
156 157 1
156 180 1
156 198 1
156 192 1
156 161 1
156 174 1
156 199 1
156 181 1
156 175 1
156 183 1
156 186 1
156 182 1
156 167 1
156 170 1
156 200 1
156 166 1
157 178 1
157 161 1
157 170 1
157 166 1
157 173 1
157 200 1
157 158 1
157 190 1
157 185 1
157 172 1
157 194 1
157 165 1
157 168 1
157 160 1
157 179 1
157 199 1
157 177 1
157 186 1
157 184 1
157 180 1
157 167 1
157 183 1
158 190 1
158 192 1
158 196 1
158 182 1
158 195 1
158 161 1
158 187 1
158 170 1
158 194 1
158 191 1
158 193 1
158 185 1
158 176 1
158 200 1
158 197 1
158 174 1
158 173 1
158 167 1
158 164 1
158 159 1
159 164 1
159 186 1
159 160 1
159 199 1
159 188 1
159 192 1
159 198 1
159 169 1
159 162 1
159 200 1
159 177 1
159 182 1
159 190 1
159 163 1
159 179 1
159 173 1
159 193 1
160 191 1
160 176 1
160 196 1
160 166 1
160 198 1
160 185 1
160 168 1
160 200 1
160 192 1
160 197 1
160 195 1
160 173 1
160 170 1
160 179 1
160 182 1
160 175 1
160 161 1
160 177 1
160 178 1
160 180 1
161 200 1
161 164 1
161 172 1
161 181 1
161 194 1
161 188 1
161 186 1
161 190 1
161 192 1
161 183 1
161 167 1
161 163 1
161 179 1
161 199 1
161 191 1
161 177 1
161 193 1
161 195 1
162 199 1
162 177 1
162 197 1
162 170 1
162 174 1
162 198 1
162 179 1
162 196 1
162 172 1
162 200 1
162 169 1
162 185 1
162 164 1
162 173 1
162 183 1
162 180 1
162 176 1
162 181 1
162 195 1
162 189 1
162 167 1
163 166 1
163 173 1
163 176 1
163 175 1
163 178 1
163 180 1
163 183 1
163 194 1
163 187 1
163 167 1
163 195 1
163 200 1
163 191 1
163 193 1
163 185 1
164 165 1
164 187 1
164 166 1
164 195 1
164 192 1
164 186 1
164 193 1
164 199 1
164 197 1
164 198 1
164 171 1
164 179 1
164 175 1
164 189 1
164 177 1
164 169 1
164 168 1
164 196 1
164 167 1
164 181 1
164 191 1
165 195 1
165 182 1
165 191 1
165 175 1
165 174 1
165 183 1
165 192 1
165 187 1
165 178 1
165 177 1
165 180 1
165 200 1
165 167 1
165 173 1
165 188 1
165 198 1
165 176 1
165 166 1
165 179 1
166 195 1
166 172 1
166 198 1
166 169 1
166 183 1
166 182 1
166 191 1
166 178 1
166 188 1
166 171 1
166 199 1
166 187 1
166 170 1
166 200 1
166 189 1
166 184 1
166 177 1
166 173 1
166 192 1
166 168 1
166 181 1
167 170 1
167 187 1
167 192 1
167 173 1
167 182 1
167 172 1
167 175 1
167 200 1
167 199 1
167 181 1
167 195 1
167 174 1
167 186 1
167 197 1
167 198 1
168 177 1
168 200 1
168 191 1
168 175 1
168 180 1
168 170 1
168 184 1
168 194 1
168 185 1
168 198 1
168 189 1
168 199 1
168 192 1
168 179 1
168 176 1
168 182 1
168 197 1
168 186 1
168 171 1
169 188 1
169 186 1
169 174 1
169 199 1
169 171 1
169 183 1
169 198 1
169 195 1
169 182 1
169 172 1
169 184 1
169 196 1
169 179 1
169 176 1
169 187 1
169 193 1
170 192 1
170 173 1
170 194 1
170 183 1
170 177 1
170 185 1
170 180 1
170 189 1
170 175 1
170 191 1
170 186 1
170 188 1
170 174 1
170 172 1
171 176 1
171 173 1
171 191 1
171 177 1
171 175 1
171 195 1
171 174 1
171 186 1
171 196 1
171 179 1
171 172 1
171 198 1
172 174 1
172 183 1
172 199 1
172 191 1
172 182 1
172 192 1
172 187 1
172 185 1
172 181 1
172 193 1
172 175 1
172 200 1
172 186 1
172 176 1
173 180 1
173 174 1
173 177 1
173 199 1
173 188 1
173 198 1
173 187 1
173 182 1
174 185 1
174 181 1
174 175 1
174 195 1
174 193 1
174 199 1
174 178 1
174 183 1
174 197 1
174 179 1
174 180 1
174 187 1
174 189 1
174 194 1
174 191 1
175 199 1
175 177 1
175 179 1
175 196 1
175 182 1
175 194 1
175 188 1
175 197 1
175 191 1
175 189 1
175 200 1
175 195 1
175 187 1
175 192 1
176 195 1
176 181 1
176 183 1
176 194 1
176 184 1
176 180 1
176 199 1
176 197 1
176 178 1
177 192 1
177 188 1
177 183 1
177 186 1
177 199 1
177 178 1
177 200 1
177 190 1
177 180 1
177 182 1
177 179 1
178 197 1
178 181 1
178 182 1
178 186 1
178 196 1
178 194 1
178 185 1
178 184 1
178 187 1
179 197 1
179 190 1
179 192 1
179 189 1
179 193 1
179 180 1
179 181 1
179 196 1
179 186 1
180 195 1
180 189 1
180 197 1
180 184 1
180 198 1
180 191 1
180 192 1
180 183 1
180 181 1
180 190 1
180 185 1
180 199 1
180 182 1
181 185 1
181 187 1
181 191 1
181 189 1
181 183 1
181 190 1
181 196 1
182 189 1
182 194 1
182 190 1
182 195 1
182 187 1
182 188 1
182 185 1
182 200 1
183 184 1
183 187 1
183 188 1
183 198 1
184 194 1
184 185 1
184 200 1
184 186 1
184 190 1
184 199 1
184 188 1
184 189 1
184 193 1
185 186 1
185 191 1
185 200 1
185 197 1
185 187 1
185 189 1
186 194 1
186 200 1
186 199 1
186 196 1
187 193 1
187 195 1
187 198 1
187 199 1
187 190 1
187 197 1
187 189 1
187 188 1
188 189 1
188 198 1
188 196 1
188 190 1
188 194 1
188 200 1
188 199 1
189 193 1
189 192 1
189 198 1
189 196 1
189 190 1
189 194 1
190 191 1
190 192 1
190 195 1
190 194 1
190 193 1
190 200 1
190 196 1
191 200 1
191 195 1
191 199 1
192 197 1
192 195 1
192 200 1
192 193 1
193 194 1
193 197 1
194 199 1
194 200 1
194 198 1
195 199 1
195 200 1
196 198 1
196 199 1
197 200 1
197 199 1
198 199 1
198 200 1
199 200 1
