1 7.0 0.1 7843.0
2 7.0 0.1 7758.0
3 7.0 0.1 7589.0
4 7.0 0.1 7469.0
5 7.0 0.1 0.0
6 7.0 0.1 7585.0
7 7.0 0.1 7458.0
8 7.0 0.1 7685.0
9 7.0 0.1 7621.0
10 7.0 0.1 7577.0
11 7.0 0.1 0.0
12 7.0 0.1 7533.0
13 7.0 0.1 0.0
14 7.0 0.1 7647.0
15 7.0 0.1 7765.0
16 7.0 0.1 7649.0
17 7.0 0.1 7888.0
18 7.0 0.1 7813.0
19 7.0 0.1 0.0
20 7.0 0.1 7668.0
21 7.0 0.1 7669.0
22 7.0 0.1 0.0
23 7.0 0.1 7751.0
24 7.0 0.1 0.0
25 7.0 0.1 7569.0
26 7.0 0.1 7614.0
27 7.0 0.1 0.0
28 7.0 0.1 0.0
29 7.0 0.1 7526.0
30 7.0 0.1 7716.0
31 7.0 0.1 7882.0
32 7.0 0.1 0.0
33 7.0 0.1 7644.0
34 7.0 0.1 0.0
35 7.0 0.1 7544.0
36 7.0 0.1 7501.0
37 7.0 0.1 7535.0
38 7.0 0.1 7509.0
39 7.0 0.1 7535.0
40 7.0 0.1 7708.0
