1936 1
1 2 1
1 45 1
2 3 1
2 46 1
3 4 1
3 47 1
4 5 1
4 48 1
5 6 1
5 49 1
6 7 1
6 50 1
7 8 1
7 51 1
8 9 1
8 52 1
9 10 1
9 53 1
10 11 1
10 54 1
11 12 1
11 55 1
12 13 1
12 56 1
13 14 1
13 57 1
14 15 1
14 58 1
15 16 1
15 59 1
16 17 1
16 60 1
17 18 1
17 61 1
18 19 1
18 62 1
19 20 1
19 63 1
20 21 1
20 64 1
21 22 1
21 65 1
22 23 1
22 66 1
23 24 1
23 67 1
24 25 1
24 68 1
25 26 1
25 69 1
26 27 1
26 70 1
27 28 1
27 71 1
28 29 1
28 72 1
29 30 1
29 73 1
30 31 1
30 74 1
31 32 1
31 75 1
32 33 1
32 76 1
33 34 1
33 77 1
34 35 1
34 78 1
35 36 1
35 79 1
36 37 1
36 80 1
37 38 1
37 81 1
38 39 1
38 82 1
39 40 1
39 83 1
40 41 1
40 84 1
41 42 1
41 85 1
42 43 1
42 86 1
43 44 1
43 87 1
44 88 1
45 46 1
45 89 1
46 47 1
46 90 1
47 48 1
47 91 1
48 49 1
48 92 1
49 50 1
49 93 1
50 51 1
50 94 1
51 52 1
51 95 1
52 53 1
52 96 1
53 54 1
53 97 1
54 55 1
54 98 1
55 56 1
55 99 1
56 57 1
56 100 1
57 58 1
57 101 1
58 59 1
58 102 1
59 60 1
59 103 1
60 61 1
60 104 1
61 62 1
61 105 1
62 63 1
62 106 1
63 64 1
63 107 1
64 65 1
64 108 1
65 66 1
65 109 1
66 67 1
66 110 1
67 68 1
67 111 1
68 69 1
68 112 1
69 70 1
69 113 1
70 71 1
70 114 1
71 72 1
71 115 1
72 73 1
72 116 1
73 74 1
73 117 1
74 75 1
74 118 1
75 76 1
75 119 1
76 77 1
76 120 1
77 78 1
77 121 1
78 79 1
78 122 1
79 80 1
79 123 1
80 81 1
80 124 1
81 82 1
81 125 1
82 83 1
82 126 1
83 84 1
83 127 1
84 85 1
84 128 1
85 86 1
85 129 1
86 87 1
86 130 1
87 88 1
87 131 1
88 132 1
89 90 1
89 133 1
90 91 1
90 134 1
91 92 1
91 135 1
92 93 1
92 136 1
93 94 1
93 137 1
94 95 1
94 138 1
95 96 1
95 139 1
96 97 1
96 140 1
97 98 1
97 141 1
98 99 1
98 142 1
99 100 1
99 143 1
100 101 1
100 144 1
101 102 1
101 145 1
102 103 1
102 146 1
103 104 1
103 147 1
104 105 1
104 148 1
105 106 1
105 149 1
106 107 1
106 150 1
107 108 1
107 151 1
108 109 1
108 152 1
109 110 1
109 153 1
110 111 1
110 154 1
111 112 1
111 155 1
112 113 1
112 156 1
113 114 1
113 157 1
114 115 1
114 158 1
115 116 1
115 159 1
116 117 1
116 160 1
117 118 1
117 161 1
118 119 1
118 162 1
119 120 1
119 163 1
120 121 1
120 164 1
121 122 1
121 165 1
122 123 1
122 166 1
123 124 1
123 167 1
124 125 1
124 168 1
125 126 1
125 169 1
126 127 1
126 170 1
127 128 1
127 171 1
128 129 1
128 172 1
129 130 1
129 173 1
130 131 1
130 174 1
131 132 1
131 175 1
132 176 1
133 134 1
133 177 1
134 135 1
134 178 1
135 136 1
135 179 1
136 137 1
136 180 1
137 138 1
137 181 1
138 139 1
138 182 1
139 140 1
139 183 1
140 141 1
140 184 1
141 142 1
141 185 1
142 143 1
142 186 1
143 144 1
143 187 1
144 145 1
144 188 1
145 146 1
145 189 1
146 147 1
146 190 1
147 148 1
147 191 1
148 149 1
148 192 1
149 150 1
149 193 1
150 151 1
150 194 1
151 152 1
151 195 1
152 153 1
152 196 1
153 154 1
153 197 1
154 155 1
154 198 1
155 156 1
155 199 1
156 157 1
156 200 1
157 158 1
157 201 1
158 159 1
158 202 1
159 160 1
159 203 1
160 161 1
160 204 1
161 162 1
161 205 1
162 163 1
162 206 1
163 164 1
163 207 1
164 165 1
164 208 1
165 166 1
165 209 1
166 167 1
166 210 1
167 168 1
167 211 1
168 169 1
168 212 1
169 170 1
169 213 1
170 171 1
170 214 1
171 172 1
171 215 1
172 173 1
172 216 1
173 174 1
173 217 1
174 175 1
174 218 1
175 176 1
175 219 1
176 220 1
177 178 1
177 221 1
178 179 1
178 222 1
179 180 1
179 223 1
180 181 1
180 224 1
181 182 1
181 225 1
182 183 1
182 226 1
183 184 1
183 227 1
184 185 1
184 228 1
185 186 1
185 229 1
186 187 1
186 230 1
187 188 1
187 231 1
188 189 1
188 232 1
189 190 1
189 233 1
190 191 1
190 234 1
191 192 1
191 235 1
192 193 1
192 236 1
193 194 1
193 237 1
194 195 1
194 238 1
195 196 1
195 239 1
196 197 1
196 240 1
197 198 1
197 241 1
198 199 1
198 242 1
199 200 1
199 243 1
200 201 1
200 244 1
201 202 1
201 245 1
202 203 1
202 246 1
203 204 1
203 247 1
204 205 1
204 248 1
205 206 1
205 249 1
206 207 1
206 250 1
207 208 1
207 251 1
208 209 1
208 252 1
209 210 1
209 253 1
210 211 1
210 254 1
211 212 1
211 255 1
212 213 1
212 256 1
213 214 1
213 257 1
214 215 1
214 258 1
215 216 1
215 259 1
216 217 1
216 260 1
217 218 1
217 261 1
218 219 1
218 262 1
219 220 1
219 263 1
220 264 1
221 222 1
221 265 1
222 223 1
222 266 1
223 224 1
223 267 1
224 225 1
224 268 1
225 226 1
225 269 1
226 227 1
226 270 1
227 228 1
227 271 1
228 229 1
228 272 1
229 230 1
229 273 1
230 231 1
230 274 1
231 232 1
231 275 1
232 233 1
232 276 1
233 234 1
233 277 1
234 235 1
234 278 1
235 236 1
235 279 1
236 237 1
236 280 1
237 238 1
237 281 1
238 239 1
238 282 1
239 240 1
239 283 1
240 241 1
240 284 1
241 242 1
241 285 1
242 243 1
242 286 1
243 244 1
243 287 1
244 245 1
244 288 1
245 246 1
245 289 1
246 247 1
246 290 1
247 248 1
247 291 1
248 249 1
248 292 1
249 250 1
249 293 1
250 251 1
250 294 1
251 252 1
251 295 1
252 253 1
252 296 1
253 254 1
253 297 1
254 255 1
254 298 1
255 256 1
255 299 1
256 257 1
256 300 1
257 258 1
257 301 1
258 259 1
258 302 1
259 260 1
259 303 1
260 261 1
260 304 1
261 262 1
261 305 1
262 263 1
262 306 1
263 264 1
263 307 1
264 308 1
265 266 1
265 309 1
266 267 1
266 310 1
267 268 1
267 311 1
268 269 1
268 312 1
269 270 1
269 313 1
270 271 1
270 314 1
271 272 1
271 315 1
272 273 1
272 316 1
273 274 1
273 317 1
274 275 1
274 318 1
275 276 1
275 319 1
276 277 1
276 320 1
277 278 1
277 321 1
278 279 1
278 322 1
279 280 1
279 323 1
280 281 1
280 324 1
281 282 1
281 325 1
282 283 1
282 326 1
283 284 1
283 327 1
284 285 1
284 328 1
285 286 1
285 329 1
286 287 1
286 330 1
287 288 1
287 331 1
288 289 1
288 332 1
289 290 1
289 333 1
290 291 1
290 334 1
291 292 1
291 335 1
292 293 1
292 336 1
293 294 1
293 337 1
294 295 1
294 338 1
295 296 1
295 339 1
296 297 1
296 340 1
297 298 1
297 341 1
298 299 1
298 342 1
299 300 1
299 343 1
300 301 1
300 344 1
301 302 1
301 345 1
302 303 1
302 346 1
303 304 1
303 347 1
304 305 1
304 348 1
305 306 1
305 349 1
306 307 1
306 350 1
307 308 1
307 351 1
308 352 1
309 310 1
309 353 1
310 311 1
310 354 1
311 312 1
311 355 1
312 313 1
312 356 1
313 314 1
313 357 1
314 315 1
314 358 1
315 316 1
315 359 1
316 317 1
316 360 1
317 318 1
317 361 1
318 319 1
318 362 1
319 320 1
319 363 1
320 321 1
320 364 1
321 322 1
321 365 1
322 323 1
322 366 1
323 324 1
323 367 1
324 325 1
324 368 1
325 326 1
325 369 1
326 327 1
326 370 1
327 328 1
327 371 1
328 329 1
328 372 1
329 330 1
329 373 1
330 331 1
330 374 1
331 332 1
331 375 1
332 333 1
332 376 1
333 334 1
333 377 1
334 335 1
334 378 1
335 336 1
335 379 1
336 337 1
336 380 1
337 338 1
337 381 1
338 339 1
338 382 1
339 340 1
339 383 1
340 341 1
340 384 1
341 342 1
341 385 1
342 343 1
342 386 1
343 344 1
343 387 1
344 345 1
344 388 1
345 346 1
345 389 1
346 347 1
346 390 1
347 348 1
347 391 1
348 349 1
348 392 1
349 350 1
349 393 1
350 351 1
350 394 1
351 352 1
351 395 1
352 396 1
353 354 1
353 397 1
354 355 1
354 398 1
355 356 1
355 399 1
356 357 1
356 400 1
357 358 1
357 401 1
358 359 1
358 402 1
359 360 1
359 403 1
360 361 1
360 404 1
361 362 1
361 405 1
362 363 1
362 406 1
363 364 1
363 407 1
364 365 1
364 408 1
365 366 1
365 409 1
366 367 1
366 410 1
367 368 1
367 411 1
368 369 1
368 412 1
369 370 1
369 413 1
370 371 1
370 414 1
371 372 1
371 415 1
372 373 1
372 416 1
373 374 1
373 417 1
374 375 1
374 418 1
375 376 1
375 419 1
376 377 1
376 420 1
377 378 1
377 421 1
378 379 1
378 422 1
379 380 1
379 423 1
380 381 1
380 424 1
381 382 1
381 425 1
382 383 1
382 426 1
383 384 1
383 427 1
384 385 1
384 428 1
385 386 1
385 429 1
386 387 1
386 430 1
387 388 1
387 431 1
388 389 1
388 432 1
389 390 1
389 433 1
390 391 1
390 434 1
391 392 1
391 435 1
392 393 1
392 436 1
393 394 1
393 437 1
394 395 1
394 438 1
395 396 1
395 439 1
396 440 1
397 398 1
397 441 1
398 399 1
398 442 1
399 400 1
399 443 1
400 401 1
400 444 1
401 402 1
401 445 1
402 403 1
402 446 1
403 404 1
403 447 1
404 405 1
404 448 1
405 406 1
405 449 1
406 407 1
406 450 1
407 408 1
407 451 1
408 409 1
408 452 1
409 410 1
409 453 1
410 411 1
410 454 1
411 412 1
411 455 1
412 413 1
412 456 1
413 414 1
413 457 1
414 415 1
414 458 1
415 416 1
415 459 1
416 417 1
416 460 1
417 418 1
417 461 1
418 419 1
418 462 1
419 420 1
419 463 1
420 421 1
420 464 1
421 422 1
421 465 1
422 423 1
422 466 1
423 424 1
423 467 1
424 425 1
424 468 1
425 426 1
425 469 1
426 427 1
426 470 1
427 428 1
427 471 1
428 429 1
428 472 1
429 430 1
429 473 1
430 431 1
430 474 1
431 432 1
431 475 1
432 433 1
432 476 1
433 434 1
433 477 1
434 435 1
434 478 1
435 436 1
435 479 1
436 437 1
436 480 1
437 438 1
437 481 1
438 439 1
438 482 1
439 440 1
439 483 1
440 484 1
441 442 1
441 485 1
442 443 1
442 486 1
443 444 1
443 487 1
444 445 1
444 488 1
445 446 1
445 489 1
446 447 1
446 490 1
447 448 1
447 491 1
448 449 1
448 492 1
449 450 1
449 493 1
450 451 1
450 494 1
451 452 1
451 495 1
452 453 1
452 496 1
453 454 1
453 497 1
454 455 1
454 498 1
455 456 1
455 499 1
456 457 1
456 500 1
457 458 1
457 501 1
458 459 1
458 502 1
459 460 1
459 503 1
460 461 1
460 504 1
461 462 1
461 505 1
462 463 1
462 506 1
463 464 1
463 507 1
464 465 1
464 508 1
465 466 1
465 509 1
466 467 1
466 510 1
467 468 1
467 511 1
468 469 1
468 512 1
469 470 1
469 513 1
470 471 1
470 514 1
471 472 1
471 515 1
472 473 1
472 516 1
473 474 1
473 517 1
474 475 1
474 518 1
475 476 1
475 519 1
476 477 1
476 520 1
477 478 1
477 521 1
478 479 1
478 522 1
479 480 1
479 523 1
480 481 1
480 524 1
481 482 1
481 525 1
482 483 1
482 526 1
483 484 1
483 527 1
484 528 1
485 486 1
485 529 1
486 487 1
486 530 1
487 488 1
487 531 1
488 489 1
488 532 1
489 490 1
489 533 1
490 491 1
490 534 1
491 492 1
491 535 1
492 493 1
492 536 1
493 494 1
493 537 1
494 495 1
494 538 1
495 496 1
495 539 1
496 497 1
496 540 1
497 498 1
497 541 1
498 499 1
498 542 1
499 500 1
499 543 1
500 501 1
500 544 1
501 502 1
501 545 1
502 503 1
502 546 1
503 504 1
503 547 1
504 505 1
504 548 1
505 506 1
505 549 1
506 507 1
506 550 1
507 508 1
507 551 1
508 509 1
508 552 1
509 510 1
509 553 1
510 511 1
510 554 1
511 512 1
511 555 1
512 513 1
512 556 1
513 514 1
513 557 1
514 515 1
514 558 1
515 516 1
515 559 1
516 517 1
516 560 1
517 518 1
517 561 1
518 519 1
518 562 1
519 520 1
519 563 1
520 521 1
520 564 1
521 522 1
521 565 1
522 523 1
522 566 1
523 524 1
523 567 1
524 525 1
524 568 1
525 526 1
525 569 1
526 527 1
526 570 1
527 528 1
527 571 1
528 572 1
529 530 1
529 573 1
530 531 1
530 574 1
531 532 1
531 575 1
532 533 1
532 576 1
533 534 1
533 577 1
534 535 1
534 578 1
535 536 1
535 579 1
536 537 1
536 580 1
537 538 1
537 581 1
538 539 1
538 582 1
539 540 1
539 583 1
540 541 1
540 584 1
541 542 1
541 585 1
542 543 1
542 586 1
543 544 1
543 587 1
544 545 1
544 588 1
545 546 1
545 589 1
546 547 1
546 590 1
547 548 1
547 591 1
548 549 1
548 592 1
549 550 1
549 593 1
550 551 1
550 594 1
551 552 1
551 595 1
552 553 1
552 596 1
553 554 1
553 597 1
554 555 1
554 598 1
555 556 1
555 599 1
556 557 1
556 600 1
557 558 1
557 601 1
558 559 1
558 602 1
559 560 1
559 603 1
560 561 1
560 604 1
561 562 1
561 605 1
562 563 1
562 606 1
563 564 1
563 607 1
564 565 1
564 608 1
565 566 1
565 609 1
566 567 1
566 610 1
567 568 1
567 611 1
568 569 1
568 612 1
569 570 1
569 613 1
570 571 1
570 614 1
571 572 1
571 615 1
572 616 1
573 574 1
573 617 1
574 575 1
574 618 1
575 576 1
575 619 1
576 577 1
576 620 1
577 578 1
577 621 1
578 579 1
578 622 1
579 580 1
579 623 1
580 581 1
580 624 1
581 582 1
581 625 1
582 583 1
582 626 1
583 584 1
583 627 1
584 585 1
584 628 1
585 586 1
585 629 1
586 587 1
586 630 1
587 588 1
587 631 1
588 589 1
588 632 1
589 590 1
589 633 1
590 591 1
590 634 1
591 592 1
591 635 1
592 593 1
592 636 1
593 594 1
593 637 1
594 595 1
594 638 1
595 596 1
595 639 1
596 597 1
596 640 1
597 598 1
597 641 1
598 599 1
598 642 1
599 600 1
599 643 1
600 601 1
600 644 1
601 602 1
601 645 1
602 603 1
602 646 1
603 604 1
603 647 1
604 605 1
604 648 1
605 606 1
605 649 1
606 607 1
606 650 1
607 608 1
607 651 1
608 609 1
608 652 1
609 610 1
609 653 1
610 611 1
610 654 1
611 612 1
611 655 1
612 613 1
612 656 1
613 614 1
613 657 1
614 615 1
614 658 1
615 616 1
615 659 1
616 660 1
617 618 1
617 661 1
618 619 1
618 662 1
619 620 1
619 663 1
620 621 1
620 664 1
621 622 1
621 665 1
622 623 1
622 666 1
623 624 1
623 667 1
624 625 1
624 668 1
625 626 1
625 669 1
626 627 1
626 670 1
627 628 1
627 671 1
628 629 1
628 672 1
629 630 1
629 673 1
630 631 1
630 674 1
631 632 1
631 675 1
632 633 1
632 676 1
633 634 1
633 677 1
634 635 1
634 678 1
635 636 1
635 679 1
636 637 1
636 680 1
637 638 1
637 681 1
638 639 1
638 682 1
639 640 1
639 683 1
640 641 1
640 684 1
641 642 1
641 685 1
642 643 1
642 686 1
643 644 1
643 687 1
644 645 1
644 688 1
645 646 1
645 689 1
646 647 1
646 690 1
647 648 1
647 691 1
648 649 1
648 692 1
649 650 1
649 693 1
650 651 1
650 694 1
651 652 1
651 695 1
652 653 1
652 696 1
653 654 1
653 697 1
654 655 1
654 698 1
655 656 1
655 699 1
656 657 1
656 700 1
657 658 1
657 701 1
658 659 1
658 702 1
659 660 1
659 703 1
660 704 1
661 662 1
661 705 1
662 663 1
662 706 1
663 664 1
663 707 1
664 665 1
664 708 1
665 666 1
665 709 1
666 667 1
666 710 1
667 668 1
667 711 1
668 669 1
668 712 1
669 670 1
669 713 1
670 671 1
670 714 1
671 672 1
671 715 1
672 673 1
672 716 1
673 674 1
673 717 1
674 675 1
674 718 1
675 676 1
675 719 1
676 677 1
676 720 1
677 678 1
677 721 1
678 679 1
678 722 1
679 680 1
679 723 1
680 681 1
680 724 1
681 682 1
681 725 1
682 683 1
682 726 1
683 684 1
683 727 1
684 685 1
684 728 1
685 686 1
685 729 1
686 687 1
686 730 1
687 688 1
687 731 1
688 689 1
688 732 1
689 690 1
689 733 1
690 691 1
690 734 1
691 692 1
691 735 1
692 693 1
692 736 1
693 694 1
693 737 1
694 695 1
694 738 1
695 696 1
695 739 1
696 697 1
696 740 1
697 698 1
697 741 1
698 699 1
698 742 1
699 700 1
699 743 1
700 701 1
700 744 1
701 702 1
701 745 1
702 703 1
702 746 1
703 704 1
703 747 1
704 748 1
705 706 1
705 749 1
706 707 1
706 750 1
707 708 1
707 751 1
708 709 1
708 752 1
709 710 1
709 753 1
710 711 1
710 754 1
711 712 1
711 755 1
712 713 1
712 756 1
713 714 1
713 757 1
714 715 1
714 758 1
715 716 1
715 759 1
716 717 1
716 760 1
717 718 1
717 761 1
718 719 1
718 762 1
719 720 1
719 763 1
720 721 1
720 764 1
721 722 1
721 765 1
722 723 1
722 766 1
723 724 1
723 767 1
724 725 1
724 768 1
725 726 1
725 769 1
726 727 1
726 770 1
727 728 1
727 771 1
728 729 1
728 772 1
729 730 1
729 773 1
730 731 1
730 774 1
731 732 1
731 775 1
732 733 1
732 776 1
733 734 1
733 777 1
734 735 1
734 778 1
735 736 1
735 779 1
736 737 1
736 780 1
737 738 1
737 781 1
738 739 1
738 782 1
739 740 1
739 783 1
740 741 1
740 784 1
741 742 1
741 785 1
742 743 1
742 786 1
743 744 1
743 787 1
744 745 1
744 788 1
745 746 1
745 789 1
746 747 1
746 790 1
747 748 1
747 791 1
748 792 1
749 750 1
749 793 1
750 751 1
750 794 1
751 752 1
751 795 1
752 753 1
752 796 1
753 754 1
753 797 1
754 755 1
754 798 1
755 756 1
755 799 1
756 757 1
756 800 1
757 758 1
757 801 1
758 759 1
758 802 1
759 760 1
759 803 1
760 761 1
760 804 1
761 762 1
761 805 1
762 763 1
762 806 1
763 764 1
763 807 1
764 765 1
764 808 1
765 766 1
765 809 1
766 767 1
766 810 1
767 768 1
767 811 1
768 769 1
768 812 1
769 770 1
769 813 1
770 771 1
770 814 1
771 772 1
771 815 1
772 773 1
772 816 1
773 774 1
773 817 1
774 775 1
774 818 1
775 776 1
775 819 1
776 777 1
776 820 1
777 778 1
777 821 1
778 779 1
778 822 1
779 780 1
779 823 1
780 781 1
780 824 1
781 782 1
781 825 1
782 783 1
782 826 1
783 784 1
783 827 1
784 785 1
784 828 1
785 786 1
785 829 1
786 787 1
786 830 1
787 788 1
787 831 1
788 789 1
788 832 1
789 790 1
789 833 1
790 791 1
790 834 1
791 792 1
791 835 1
792 836 1
793 794 1
793 837 1
794 795 1
794 838 1
795 796 1
795 839 1
796 797 1
796 840 1
797 798 1
797 841 1
798 799 1
798 842 1
799 800 1
799 843 1
800 801 1
800 844 1
801 802 1
801 845 1
802 803 1
802 846 1
803 804 1
803 847 1
804 805 1
804 848 1
805 806 1
805 849 1
806 807 1
806 850 1
807 808 1
807 851 1
808 809 1
808 852 1
809 810 1
809 853 1
810 811 1
810 854 1
811 812 1
811 855 1
812 813 1
812 856 1
813 814 1
813 857 1
814 815 1
814 858 1
815 816 1
815 859 1
816 817 1
816 860 1
817 818 1
817 861 1
818 819 1
818 862 1
819 820 1
819 863 1
820 821 1
820 864 1
821 822 1
821 865 1
822 823 1
822 866 1
823 824 1
823 867 1
824 825 1
824 868 1
825 826 1
825 869 1
826 827 1
826 870 1
827 828 1
827 871 1
828 829 1
828 872 1
829 830 1
829 873 1
830 831 1
830 874 1
831 832 1
831 875 1
832 833 1
832 876 1
833 834 1
833 877 1
834 835 1
834 878 1
835 836 1
835 879 1
836 880 1
837 838 1
837 881 1
838 839 1
838 882 1
839 840 1
839 883 1
840 841 1
840 884 1
841 842 1
841 885 1
842 843 1
842 886 1
843 844 1
843 887 1
844 845 1
844 888 1
845 846 1
845 889 1
846 847 1
846 890 1
847 848 1
847 891 1
848 849 1
848 892 1
849 850 1
849 893 1
850 851 1
850 894 1
851 852 1
851 895 1
852 853 1
852 896 1
853 854 1
853 897 1
854 855 1
854 898 1
855 856 1
855 899 1
856 857 1
856 900 1
857 858 1
857 901 1
858 859 1
858 902 1
859 860 1
859 903 1
860 861 1
860 904 1
861 862 1
861 905 1
862 863 1
862 906 1
863 864 1
863 907 1
864 865 1
864 908 1
865 866 1
865 909 1
866 867 1
866 910 1
867 868 1
867 911 1
868 869 1
868 912 1
869 870 1
869 913 1
870 871 1
870 914 1
871 872 1
871 915 1
872 873 1
872 916 1
873 874 1
873 917 1
874 875 1
874 918 1
875 876 1
875 919 1
876 877 1
876 920 1
877 878 1
877 921 1
878 879 1
878 922 1
879 880 1
879 923 1
880 924 1
881 882 1
881 925 1
882 883 1
882 926 1
883 884 1
883 927 1
884 885 1
884 928 1
885 886 1
885 929 1
886 887 1
886 930 1
887 888 1
887 931 1
888 889 1
888 932 1
889 890 1
889 933 1
890 891 1
890 934 1
891 892 1
891 935 1
892 893 1
892 936 1
893 894 1
893 937 1
894 895 1
894 938 1
895 896 1
895 939 1
896 897 1
896 940 1
897 898 1
897 941 1
898 899 1
898 942 1
899 900 1
899 943 1
900 901 1
900 944 1
901 902 1
901 945 1
902 903 1
902 946 1
903 904 1
903 947 1
904 905 1
904 948 1
905 906 1
905 949 1
906 907 1
906 950 1
907 908 1
907 951 1
908 909 1
908 952 1
909 910 1
909 953 1
910 911 1
910 954 1
911 912 1
911 955 1
912 913 1
912 956 1
913 914 1
913 957 1
914 915 1
914 958 1
915 916 1
915 959 1
916 917 1
916 960 1
917 918 1
917 961 1
918 919 1
918 962 1
919 920 1
919 963 1
920 921 1
920 964 1
921 922 1
921 965 1
922 923 1
922 966 1
923 924 1
923 967 1
924 968 1
925 926 1
925 969 1
926 927 1
926 970 1
927 928 1
927 971 1
928 929 1
928 972 1
929 930 1
929 973 1
930 931 1
930 974 1
931 932 1
931 975 1
932 933 1
932 976 1
933 934 1
933 977 1
934 935 1
934 978 1
935 936 1
935 979 1
936 937 1
936 980 1
937 938 1
937 981 1
938 939 1
938 982 1
939 940 1
939 983 1
940 941 1
940 984 1
941 942 1
941 985 1
942 943 1
942 986 1
943 944 1
943 987 1
944 945 1
944 988 1
945 946 1
945 989 1
946 947 1
946 990 1
947 948 1
947 991 1
948 949 1
948 992 1
949 950 1
949 993 1
950 951 1
950 994 1
951 952 1
951 995 1
952 953 1
952 996 1
953 954 1
953 997 1
954 955 1
954 998 1
955 956 1
955 999 1
956 957 1
956 1000 1
957 958 1
957 1001 1
958 959 1
958 1002 1
959 960 1
959 1003 1
960 961 1
960 1004 1
961 962 1
961 1005 1
962 963 1
962 1006 1
963 964 1
963 1007 1
964 965 1
964 1008 1
965 966 1
965 1009 1
966 967 1
966 1010 1
967 968 1
967 1011 1
968 1012 1
969 970 1
969 1013 1
970 971 1
970 1014 1
971 972 1
971 1015 1
972 973 1
972 1016 1
973 974 1
973 1017 1
974 975 1
974 1018 1
975 976 1
975 1019 1
976 977 1
976 1020 1
977 978 1
977 1021 1
978 979 1
978 1022 1
979 980 1
979 1023 1
980 981 1
980 1024 1
981 982 1
981 1025 1
982 983 1
982 1026 1
983 984 1
983 1027 1
984 985 1
984 1028 1
985 986 1
985 1029 1
986 987 1
986 1030 1
987 988 1
987 1031 1
988 989 1
988 1032 1
989 990 1
989 1033 1
990 991 1
990 1034 1
991 992 1
991 1035 1
992 993 1
992 1036 1
993 994 1
993 1037 1
994 995 1
994 1038 1
995 996 1
995 1039 1
996 997 1
996 1040 1
997 998 1
997 1041 1
998 999 1
998 1042 1
999 1000 1
999 1043 1
1000 1001 1
1000 1044 1
1001 1002 1
1001 1045 1
1002 1003 1
1002 1046 1
1003 1004 1
1003 1047 1
1004 1005 1
1004 1048 1
1005 1006 1
1005 1049 1
1006 1007 1
1006 1050 1
1007 1008 1
1007 1051 1
1008 1009 1
1008 1052 1
1009 1010 1
1009 1053 1
1010 1011 1
1010 1054 1
1011 1012 1
1011 1055 1
1012 1056 1
1013 1014 1
1013 1057 1
1014 1015 1
1014 1058 1
1015 1016 1
1015 1059 1
1016 1017 1
1016 1060 1
1017 1018 1
1017 1061 1
1018 1019 1
1018 1062 1
1019 1020 1
1019 1063 1
1020 1021 1
1020 1064 1
1021 1022 1
1021 1065 1
1022 1023 1
1022 1066 1
1023 1024 1
1023 1067 1
1024 1025 1
1024 1068 1
1025 1026 1
1025 1069 1
1026 1027 1
1026 1070 1
1027 1028 1
1027 1071 1
1028 1029 1
1028 1072 1
1029 1030 1
1029 1073 1
1030 1031 1
1030 1074 1
1031 1032 1
1031 1075 1
1032 1033 1
1032 1076 1
1033 1034 1
1033 1077 1
1034 1035 1
1034 1078 1
1035 1036 1
1035 1079 1
1036 1037 1
1036 1080 1
1037 1038 1
1037 1081 1
1038 1039 1
1038 1082 1
1039 1040 1
1039 1083 1
1040 1041 1
1040 1084 1
1041 1042 1
1041 1085 1
1042 1043 1
1042 1086 1
1043 1044 1
1043 1087 1
1044 1045 1
1044 1088 1
1045 1046 1
1045 1089 1
1046 1047 1
1046 1090 1
1047 1048 1
1047 1091 1
1048 1049 1
1048 1092 1
1049 1050 1
1049 1093 1
1050 1051 1
1050 1094 1
1051 1052 1
1051 1095 1
1052 1053 1
1052 1096 1
1053 1054 1
1053 1097 1
1054 1055 1
1054 1098 1
1055 1056 1
1055 1099 1
1056 1100 1
1057 1058 1
1057 1101 1
1058 1059 1
1058 1102 1
1059 1060 1
1059 1103 1
1060 1061 1
1060 1104 1
1061 1062 1
1061 1105 1
1062 1063 1
1062 1106 1
1063 1064 1
1063 1107 1
1064 1065 1
1064 1108 1
1065 1066 1
1065 1109 1
1066 1067 1
1066 1110 1
1067 1068 1
1067 1111 1
1068 1069 1
1068 1112 1
1069 1070 1
1069 1113 1
1070 1071 1
1070 1114 1
1071 1072 1
1071 1115 1
1072 1073 1
1072 1116 1
1073 1074 1
1073 1117 1
1074 1075 1
1074 1118 1
1075 1076 1
1075 1119 1
1076 1077 1
1076 1120 1
1077 1078 1
1077 1121 1
1078 1079 1
1078 1122 1
1079 1080 1
1079 1123 1
1080 1081 1
1080 1124 1
1081 1082 1
1081 1125 1
1082 1083 1
1082 1126 1
1083 1084 1
1083 1127 1
1084 1085 1
1084 1128 1
1085 1086 1
1085 1129 1
1086 1087 1
1086 1130 1
1087 1088 1
1087 1131 1
1088 1089 1
1088 1132 1
1089 1090 1
1089 1133 1
1090 1091 1
1090 1134 1
1091 1092 1
1091 1135 1
1092 1093 1
1092 1136 1
1093 1094 1
1093 1137 1
1094 1095 1
1094 1138 1
1095 1096 1
1095 1139 1
1096 1097 1
1096 1140 1
1097 1098 1
1097 1141 1
1098 1099 1
1098 1142 1
1099 1100 1
1099 1143 1
1100 1144 1
1101 1102 1
1101 1145 1
1102 1103 1
1102 1146 1
1103 1104 1
1103 1147 1
1104 1105 1
1104 1148 1
1105 1106 1
1105 1149 1
1106 1107 1
1106 1150 1
1107 1108 1
1107 1151 1
1108 1109 1
1108 1152 1
1109 1110 1
1109 1153 1
1110 1111 1
1110 1154 1
1111 1112 1
1111 1155 1
1112 1113 1
1112 1156 1
1113 1114 1
1113 1157 1
1114 1115 1
1114 1158 1
1115 1116 1
1115 1159 1
1116 1117 1
1116 1160 1
1117 1118 1
1117 1161 1
1118 1119 1
1118 1162 1
1119 1120 1
1119 1163 1
1120 1121 1
1120 1164 1
1121 1122 1
1121 1165 1
1122 1123 1
1122 1166 1
1123 1124 1
1123 1167 1
1124 1125 1
1124 1168 1
1125 1126 1
1125 1169 1
1126 1127 1
1126 1170 1
1127 1128 1
1127 1171 1
1128 1129 1
1128 1172 1
1129 1130 1
1129 1173 1
1130 1131 1
1130 1174 1
1131 1132 1
1131 1175 1
1132 1133 1
1132 1176 1
1133 1134 1
1133 1177 1
1134 1135 1
1134 1178 1
1135 1136 1
1135 1179 1
1136 1137 1
1136 1180 1
1137 1138 1
1137 1181 1
1138 1139 1
1138 1182 1
1139 1140 1
1139 1183 1
1140 1141 1
1140 1184 1
1141 1142 1
1141 1185 1
1142 1143 1
1142 1186 1
1143 1144 1
1143 1187 1
1144 1188 1
1145 1146 1
1145 1189 1
1146 1147 1
1146 1190 1
1147 1148 1
1147 1191 1
1148 1149 1
1148 1192 1
1149 1150 1
1149 1193 1
1150 1151 1
1150 1194 1
1151 1152 1
1151 1195 1
1152 1153 1
1152 1196 1
1153 1154 1
1153 1197 1
1154 1155 1
1154 1198 1
1155 1156 1
1155 1199 1
1156 1157 1
1156 1200 1
1157 1158 1
1157 1201 1
1158 1159 1
1158 1202 1
1159 1160 1
1159 1203 1
1160 1161 1
1160 1204 1
1161 1162 1
1161 1205 1
1162 1163 1
1162 1206 1
1163 1164 1
1163 1207 1
1164 1165 1
1164 1208 1
1165 1166 1
1165 1209 1
1166 1167 1
1166 1210 1
1167 1168 1
1167 1211 1
1168 1169 1
1168 1212 1
1169 1170 1
1169 1213 1
1170 1171 1
1170 1214 1
1171 1172 1
1171 1215 1
1172 1173 1
1172 1216 1
1173 1174 1
1173 1217 1
1174 1175 1
1174 1218 1
1175 1176 1
1175 1219 1
1176 1177 1
1176 1220 1
1177 1178 1
1177 1221 1
1178 1179 1
1178 1222 1
1179 1180 1
1179 1223 1
1180 1181 1
1180 1224 1
1181 1182 1
1181 1225 1
1182 1183 1
1182 1226 1
1183 1184 1
1183 1227 1
1184 1185 1
1184 1228 1
1185 1186 1
1185 1229 1
1186 1187 1
1186 1230 1
1187 1188 1
1187 1231 1
1188 1232 1
1189 1190 1
1189 1233 1
1190 1191 1
1190 1234 1
1191 1192 1
1191 1235 1
1192 1193 1
1192 1236 1
1193 1194 1
1193 1237 1
1194 1195 1
1194 1238 1
1195 1196 1
1195 1239 1
1196 1197 1
1196 1240 1
1197 1198 1
1197 1241 1
1198 1199 1
1198 1242 1
1199 1200 1
1199 1243 1
1200 1201 1
1200 1244 1
1201 1202 1
1201 1245 1
1202 1203 1
1202 1246 1
1203 1204 1
1203 1247 1
1204 1205 1
1204 1248 1
1205 1206 1
1205 1249 1
1206 1207 1
1206 1250 1
1207 1208 1
1207 1251 1
1208 1209 1
1208 1252 1
1209 1210 1
1209 1253 1
1210 1211 1
1210 1254 1
1211 1212 1
1211 1255 1
1212 1213 1
1212 1256 1
1213 1214 1
1213 1257 1
1214 1215 1
1214 1258 1
1215 1216 1
1215 1259 1
1216 1217 1
1216 1260 1
1217 1218 1
1217 1261 1
1218 1219 1
1218 1262 1
1219 1220 1
1219 1263 1
1220 1221 1
1220 1264 1
1221 1222 1
1221 1265 1
1222 1223 1
1222 1266 1
1223 1224 1
1223 1267 1
1224 1225 1
1224 1268 1
1225 1226 1
1225 1269 1
1226 1227 1
1226 1270 1
1227 1228 1
1227 1271 1
1228 1229 1
1228 1272 1
1229 1230 1
1229 1273 1
1230 1231 1
1230 1274 1
1231 1232 1
1231 1275 1
1232 1276 1
1233 1234 1
1233 1277 1
1234 1235 1
1234 1278 1
1235 1236 1
1235 1279 1
1236 1237 1
1236 1280 1
1237 1238 1
1237 1281 1
1238 1239 1
1238 1282 1
1239 1240 1
1239 1283 1
1240 1241 1
1240 1284 1
1241 1242 1
1241 1285 1
1242 1243 1
1242 1286 1
1243 1244 1
1243 1287 1
1244 1245 1
1244 1288 1
1245 1246 1
1245 1289 1
1246 1247 1
1246 1290 1
1247 1248 1
1247 1291 1
1248 1249 1
1248 1292 1
1249 1250 1
1249 1293 1
1250 1251 1
1250 1294 1
1251 1252 1
1251 1295 1
1252 1253 1
1252 1296 1
1253 1254 1
1253 1297 1
1254 1255 1
1254 1298 1
1255 1256 1
1255 1299 1
1256 1257 1
1256 1300 1
1257 1258 1
1257 1301 1
1258 1259 1
1258 1302 1
1259 1260 1
1259 1303 1
1260 1261 1
1260 1304 1
1261 1262 1
1261 1305 1
1262 1263 1
1262 1306 1
1263 1264 1
1263 1307 1
1264 1265 1
1264 1308 1
1265 1266 1
1265 1309 1
1266 1267 1
1266 1310 1
1267 1268 1
1267 1311 1
1268 1269 1
1268 1312 1
1269 1270 1
1269 1313 1
1270 1271 1
1270 1314 1
1271 1272 1
1271 1315 1
1272 1273 1
1272 1316 1
1273 1274 1
1273 1317 1
1274 1275 1
1274 1318 1
1275 1276 1
1275 1319 1
1276 1320 1
1277 1278 1
1277 1321 1
1278 1279 1
1278 1322 1
1279 1280 1
1279 1323 1
1280 1281 1
1280 1324 1
1281 1282 1
1281 1325 1
1282 1283 1
1282 1326 1
1283 1284 1
1283 1327 1
1284 1285 1
1284 1328 1
1285 1286 1
1285 1329 1
1286 1287 1
1286 1330 1
1287 1288 1
1287 1331 1
1288 1289 1
1288 1332 1
1289 1290 1
1289 1333 1
1290 1291 1
1290 1334 1
1291 1292 1
1291 1335 1
1292 1293 1
1292 1336 1
1293 1294 1
1293 1337 1
1294 1295 1
1294 1338 1
1295 1296 1
1295 1339 1
1296 1297 1
1296 1340 1
1297 1298 1
1297 1341 1
1298 1299 1
1298 1342 1
1299 1300 1
1299 1343 1
1300 1301 1
1300 1344 1
1301 1302 1
1301 1345 1
1302 1303 1
1302 1346 1
1303 1304 1
1303 1347 1
1304 1305 1
1304 1348 1
1305 1306 1
1305 1349 1
1306 1307 1
1306 1350 1
1307 1308 1
1307 1351 1
1308 1309 1
1308 1352 1
1309 1310 1
1309 1353 1
1310 1311 1
1310 1354 1
1311 1312 1
1311 1355 1
1312 1313 1
1312 1356 1
1313 1314 1
1313 1357 1
1314 1315 1
1314 1358 1
1315 1316 1
1315 1359 1
1316 1317 1
1316 1360 1
1317 1318 1
1317 1361 1
1318 1319 1
1318 1362 1
1319 1320 1
1319 1363 1
1320 1364 1
1321 1322 1
1321 1365 1
1322 1323 1
1322 1366 1
1323 1324 1
1323 1367 1
1324 1325 1
1324 1368 1
1325 1326 1
1325 1369 1
1326 1327 1
1326 1370 1
1327 1328 1
1327 1371 1
1328 1329 1
1328 1372 1
1329 1330 1
1329 1373 1
1330 1331 1
1330 1374 1
1331 1332 1
1331 1375 1
1332 1333 1
1332 1376 1
1333 1334 1
1333 1377 1
1334 1335 1
1334 1378 1
1335 1336 1
1335 1379 1
1336 1337 1
1336 1380 1
1337 1338 1
1337 1381 1
1338 1339 1
1338 1382 1
1339 1340 1
1339 1383 1
1340 1341 1
1340 1384 1
1341 1342 1
1341 1385 1
1342 1343 1
1342 1386 1
1343 1344 1
1343 1387 1
1344 1345 1
1344 1388 1
1345 1346 1
1345 1389 1
1346 1347 1
1346 1390 1
1347 1348 1
1347 1391 1
1348 1349 1
1348 1392 1
1349 1350 1
1349 1393 1
1350 1351 1
1350 1394 1
1351 1352 1
1351 1395 1
1352 1353 1
1352 1396 1
1353 1354 1
1353 1397 1
1354 1355 1
1354 1398 1
1355 1356 1
1355 1399 1
1356 1357 1
1356 1400 1
1357 1358 1
1357 1401 1
1358 1359 1
1358 1402 1
1359 1360 1
1359 1403 1
1360 1361 1
1360 1404 1
1361 1362 1
1361 1405 1
1362 1363 1
1362 1406 1
1363 1364 1
1363 1407 1
1364 1408 1
1365 1366 1
1365 1409 1
1366 1367 1
1366 1410 1
1367 1368 1
1367 1411 1
1368 1369 1
1368 1412 1
1369 1370 1
1369 1413 1
1370 1371 1
1370 1414 1
1371 1372 1
1371 1415 1
1372 1373 1
1372 1416 1
1373 1374 1
1373 1417 1
1374 1375 1
1374 1418 1
1375 1376 1
1375 1419 1
1376 1377 1
1376 1420 1
1377 1378 1
1377 1421 1
1378 1379 1
1378 1422 1
1379 1380 1
1379 1423 1
1380 1381 1
1380 1424 1
1381 1382 1
1381 1425 1
1382 1383 1
1382 1426 1
1383 1384 1
1383 1427 1
1384 1385 1
1384 1428 1
1385 1386 1
1385 1429 1
1386 1387 1
1386 1430 1
1387 1388 1
1387 1431 1
1388 1389 1
1388 1432 1
1389 1390 1
1389 1433 1
1390 1391 1
1390 1434 1
1391 1392 1
1391 1435 1
1392 1393 1
1392 1436 1
1393 1394 1
1393 1437 1
1394 1395 1
1394 1438 1
1395 1396 1
1395 1439 1
1396 1397 1
1396 1440 1
1397 1398 1
1397 1441 1
1398 1399 1
1398 1442 1
1399 1400 1
1399 1443 1
1400 1401 1
1400 1444 1
1401 1402 1
1401 1445 1
1402 1403 1
1402 1446 1
1403 1404 1
1403 1447 1
1404 1405 1
1404 1448 1
1405 1406 1
1405 1449 1
1406 1407 1
1406 1450 1
1407 1408 1
1407 1451 1
1408 1452 1
1409 1410 1
1409 1453 1
1410 1411 1
1410 1454 1
1411 1412 1
1411 1455 1
1412 1413 1
1412 1456 1
1413 1414 1
1413 1457 1
1414 1415 1
1414 1458 1
1415 1416 1
1415 1459 1
1416 1417 1
1416 1460 1
1417 1418 1
1417 1461 1
1418 1419 1
1418 1462 1
1419 1420 1
1419 1463 1
1420 1421 1
1420 1464 1
1421 1422 1
1421 1465 1
1422 1423 1
1422 1466 1
1423 1424 1
1423 1467 1
1424 1425 1
1424 1468 1
1425 1426 1
1425 1469 1
1426 1427 1
1426 1470 1
1427 1428 1
1427 1471 1
1428 1429 1
1428 1472 1
1429 1430 1
1429 1473 1
1430 1431 1
1430 1474 1
1431 1432 1
1431 1475 1
1432 1433 1
1432 1476 1
1433 1434 1
1433 1477 1
1434 1435 1
1434 1478 1
1435 1436 1
1435 1479 1
1436 1437 1
1436 1480 1
1437 1438 1
1437 1481 1
1438 1439 1
1438 1482 1
1439 1440 1
1439 1483 1
1440 1441 1
1440 1484 1
1441 1442 1
1441 1485 1
1442 1443 1
1442 1486 1
1443 1444 1
1443 1487 1
1444 1445 1
1444 1488 1
1445 1446 1
1445 1489 1
1446 1447 1
1446 1490 1
1447 1448 1
1447 1491 1
1448 1449 1
1448 1492 1
1449 1450 1
1449 1493 1
1450 1451 1
1450 1494 1
1451 1452 1
1451 1495 1
1452 1496 1
1453 1454 1
1453 1497 1
1454 1455 1
1454 1498 1
1455 1456 1
1455 1499 1
1456 1457 1
1456 1500 1
1457 1458 1
1457 1501 1
1458 1459 1
1458 1502 1
1459 1460 1
1459 1503 1
1460 1461 1
1460 1504 1
1461 1462 1
1461 1505 1
1462 1463 1
1462 1506 1
1463 1464 1
1463 1507 1
1464 1465 1
1464 1508 1
1465 1466 1
1465 1509 1
1466 1467 1
1466 1510 1
1467 1468 1
1467 1511 1
1468 1469 1
1468 1512 1
1469 1470 1
1469 1513 1
1470 1471 1
1470 1514 1
1471 1472 1
1471 1515 1
1472 1473 1
1472 1516 1
1473 1474 1
1473 1517 1
1474 1475 1
1474 1518 1
1475 1476 1
1475 1519 1
1476 1477 1
1476 1520 1
1477 1478 1
1477 1521 1
1478 1479 1
1478 1522 1
1479 1480 1
1479 1523 1
1480 1481 1
1480 1524 1
1481 1482 1
1481 1525 1
1482 1483 1
1482 1526 1
1483 1484 1
1483 1527 1
1484 1485 1
1484 1528 1
1485 1486 1
1485 1529 1
1486 1487 1
1486 1530 1
1487 1488 1
1487 1531 1
1488 1489 1
1488 1532 1
1489 1490 1
1489 1533 1
1490 1491 1
1490 1534 1
1491 1492 1
1491 1535 1
1492 1493 1
1492 1536 1
1493 1494 1
1493 1537 1
1494 1495 1
1494 1538 1
1495 1496 1
1495 1539 1
1496 1540 1
1497 1498 1
1497 1541 1
1498 1499 1
1498 1542 1
1499 1500 1
1499 1543 1
1500 1501 1
1500 1544 1
1501 1502 1
1501 1545 1
1502 1503 1
1502 1546 1
1503 1504 1
1503 1547 1
1504 1505 1
1504 1548 1
1505 1506 1
1505 1549 1
1506 1507 1
1506 1550 1
1507 1508 1
1507 1551 1
1508 1509 1
1508 1552 1
1509 1510 1
1509 1553 1
1510 1511 1
1510 1554 1
1511 1512 1
1511 1555 1
1512 1513 1
1512 1556 1
1513 1514 1
1513 1557 1
1514 1515 1
1514 1558 1
1515 1516 1
1515 1559 1
1516 1517 1
1516 1560 1
1517 1518 1
1517 1561 1
1518 1519 1
1518 1562 1
1519 1520 1
1519 1563 1
1520 1521 1
1520 1564 1
1521 1522 1
1521 1565 1
1522 1523 1
1522 1566 1
1523 1524 1
1523 1567 1
1524 1525 1
1524 1568 1
1525 1526 1
1525 1569 1
1526 1527 1
1526 1570 1
1527 1528 1
1527 1571 1
1528 1529 1
1528 1572 1
1529 1530 1
1529 1573 1
1530 1531 1
1530 1574 1
1531 1532 1
1531 1575 1
1532 1533 1
1532 1576 1
1533 1534 1
1533 1577 1
1534 1535 1
1534 1578 1
1535 1536 1
1535 1579 1
1536 1537 1
1536 1580 1
1537 1538 1
1537 1581 1
1538 1539 1
1538 1582 1
1539 1540 1
1539 1583 1
1540 1584 1
1541 1542 1
1541 1585 1
1542 1543 1
1542 1586 1
1543 1544 1
1543 1587 1
1544 1545 1
1544 1588 1
1545 1546 1
1545 1589 1
1546 1547 1
1546 1590 1
1547 1548 1
1547 1591 1
1548 1549 1
1548 1592 1
1549 1550 1
1549 1593 1
1550 1551 1
1550 1594 1
1551 1552 1
1551 1595 1
1552 1553 1
1552 1596 1
1553 1554 1
1553 1597 1
1554 1555 1
1554 1598 1
1555 1556 1
1555 1599 1
1556 1557 1
1556 1600 1
1557 1558 1
1557 1601 1
1558 1559 1
1558 1602 1
1559 1560 1
1559 1603 1
1560 1561 1
1560 1604 1
1561 1562 1
1561 1605 1
1562 1563 1
1562 1606 1
1563 1564 1
1563 1607 1
1564 1565 1
1564 1608 1
1565 1566 1
1565 1609 1
1566 1567 1
1566 1610 1
1567 1568 1
1567 1611 1
1568 1569 1
1568 1612 1
1569 1570 1
1569 1613 1
1570 1571 1
1570 1614 1
1571 1572 1
1571 1615 1
1572 1573 1
1572 1616 1
1573 1574 1
1573 1617 1
1574 1575 1
1574 1618 1
1575 1576 1
1575 1619 1
1576 1577 1
1576 1620 1
1577 1578 1
1577 1621 1
1578 1579 1
1578 1622 1
1579 1580 1
1579 1623 1
1580 1581 1
1580 1624 1
1581 1582 1
1581 1625 1
1582 1583 1
1582 1626 1
1583 1584 1
1583 1627 1
1584 1628 1
1585 1586 1
1585 1629 1
1586 1587 1
1586 1630 1
1587 1588 1
1587 1631 1
1588 1589 1
1588 1632 1
1589 1590 1
1589 1633 1
1590 1591 1
1590 1634 1
1591 1592 1
1591 1635 1
1592 1593 1
1592 1636 1
1593 1594 1
1593 1637 1
1594 1595 1
1594 1638 1
1595 1596 1
1595 1639 1
1596 1597 1
1596 1640 1
1597 1598 1
1597 1641 1
1598 1599 1
1598 1642 1
1599 1600 1
1599 1643 1
1600 1601 1
1600 1644 1
1601 1602 1
1601 1645 1
1602 1603 1
1602 1646 1
1603 1604 1
1603 1647 1
1604 1605 1
1604 1648 1
1605 1606 1
1605 1649 1
1606 1607 1
1606 1650 1
1607 1608 1
1607 1651 1
1608 1609 1
1608 1652 1
1609 1610 1
1609 1653 1
1610 1611 1
1610 1654 1
1611 1612 1
1611 1655 1
1612 1613 1
1612 1656 1
1613 1614 1
1613 1657 1
1614 1615 1
1614 1658 1
1615 1616 1
1615 1659 1
1616 1617 1
1616 1660 1
1617 1618 1
1617 1661 1
1618 1619 1
1618 1662 1
1619 1620 1
1619 1663 1
1620 1621 1
1620 1664 1
1621 1622 1
1621 1665 1
1622 1623 1
1622 1666 1
1623 1624 1
1623 1667 1
1624 1625 1
1624 1668 1
1625 1626 1
1625 1669 1
1626 1627 1
1626 1670 1
1627 1628 1
1627 1671 1
1628 1672 1
1629 1630 1
1629 1673 1
1630 1631 1
1630 1674 1
1631 1632 1
1631 1675 1
1632 1633 1
1632 1676 1
1633 1634 1
1633 1677 1
1634 1635 1
1634 1678 1
1635 1636 1
1635 1679 1
1636 1637 1
1636 1680 1
1637 1638 1
1637 1681 1
1638 1639 1
1638 1682 1
1639 1640 1
1639 1683 1
1640 1641 1
1640 1684 1
1641 1642 1
1641 1685 1
1642 1643 1
1642 1686 1
1643 1644 1
1643 1687 1
1644 1645 1
1644 1688 1
1645 1646 1
1645 1689 1
1646 1647 1
1646 1690 1
1647 1648 1
1647 1691 1
1648 1649 1
1648 1692 1
1649 1650 1
1649 1693 1
1650 1651 1
1650 1694 1
1651 1652 1
1651 1695 1
1652 1653 1
1652 1696 1
1653 1654 1
1653 1697 1
1654 1655 1
1654 1698 1
1655 1656 1
1655 1699 1
1656 1657 1
1656 1700 1
1657 1658 1
1657 1701 1
1658 1659 1
1658 1702 1
1659 1660 1
1659 1703 1
1660 1661 1
1660 1704 1
1661 1662 1
1661 1705 1
1662 1663 1
1662 1706 1
1663 1664 1
1663 1707 1
1664 1665 1
1664 1708 1
1665 1666 1
1665 1709 1
1666 1667 1
1666 1710 1
1667 1668 1
1667 1711 1
1668 1669 1
1668 1712 1
1669 1670 1
1669 1713 1
1670 1671 1
1670 1714 1
1671 1672 1
1671 1715 1
1672 1716 1
1673 1674 1
1673 1717 1
1674 1675 1
1674 1718 1
1675 1676 1
1675 1719 1
1676 1677 1
1676 1720 1
1677 1678 1
1677 1721 1
1678 1679 1
1678 1722 1
1679 1680 1
1679 1723 1
1680 1681 1
1680 1724 1
1681 1682 1
1681 1725 1
1682 1683 1
1682 1726 1
1683 1684 1
1683 1727 1
1684 1685 1
1684 1728 1
1685 1686 1
1685 1729 1
1686 1687 1
1686 1730 1
1687 1688 1
1687 1731 1
1688 1689 1
1688 1732 1
1689 1690 1
1689 1733 1
1690 1691 1
1690 1734 1
1691 1692 1
1691 1735 1
1692 1693 1
1692 1736 1
1693 1694 1
1693 1737 1
1694 1695 1
1694 1738 1
1695 1696 1
1695 1739 1
1696 1697 1
1696 1740 1
1697 1698 1
1697 1741 1
1698 1699 1
1698 1742 1
1699 1700 1
1699 1743 1
1700 1701 1
1700 1744 1
1701 1702 1
1701 1745 1
1702 1703 1
1702 1746 1
1703 1704 1
1703 1747 1
1704 1705 1
1704 1748 1
1705 1706 1
1705 1749 1
1706 1707 1
1706 1750 1
1707 1708 1
1707 1751 1
1708 1709 1
1708 1752 1
1709 1710 1
1709 1753 1
1710 1711 1
1710 1754 1
1711 1712 1
1711 1755 1
1712 1713 1
1712 1756 1
1713 1714 1
1713 1757 1
1714 1715 1
1714 1758 1
1715 1716 1
1715 1759 1
1716 1760 1
1717 1718 1
1717 1761 1
1718 1719 1
1718 1762 1
1719 1720 1
1719 1763 1
1720 1721 1
1720 1764 1
1721 1722 1
1721 1765 1
1722 1723 1
1722 1766 1
1723 1724 1
1723 1767 1
1724 1725 1
1724 1768 1
1725 1726 1
1725 1769 1
1726 1727 1
1726 1770 1
1727 1728 1
1727 1771 1
1728 1729 1
1728 1772 1
1729 1730 1
1729 1773 1
1730 1731 1
1730 1774 1
1731 1732 1
1731 1775 1
1732 1733 1
1732 1776 1
1733 1734 1
1733 1777 1
1734 1735 1
1734 1778 1
1735 1736 1
1735 1779 1
1736 1737 1
1736 1780 1
1737 1738 1
1737 1781 1
1738 1739 1
1738 1782 1
1739 1740 1
1739 1783 1
1740 1741 1
1740 1784 1
1741 1742 1
1741 1785 1
1742 1743 1
1742 1786 1
1743 1744 1
1743 1787 1
1744 1745 1
1744 1788 1
1745 1746 1
1745 1789 1
1746 1747 1
1746 1790 1
1747 1748 1
1747 1791 1
1748 1749 1
1748 1792 1
1749 1750 1
1749 1793 1
1750 1751 1
1750 1794 1
1751 1752 1
1751 1795 1
1752 1753 1
1752 1796 1
1753 1754 1
1753 1797 1
1754 1755 1
1754 1798 1
1755 1756 1
1755 1799 1
1756 1757 1
1756 1800 1
1757 1758 1
1757 1801 1
1758 1759 1
1758 1802 1
1759 1760 1
1759 1803 1
1760 1804 1
1761 1762 1
1761 1805 1
1762 1763 1
1762 1806 1
1763 1764 1
1763 1807 1
1764 1765 1
1764 1808 1
1765 1766 1
1765 1809 1
1766 1767 1
1766 1810 1
1767 1768 1
1767 1811 1
1768 1769 1
1768 1812 1
1769 1770 1
1769 1813 1
1770 1771 1
1770 1814 1
1771 1772 1
1771 1815 1
1772 1773 1
1772 1816 1
1773 1774 1
1773 1817 1
1774 1775 1
1774 1818 1
1775 1776 1
1775 1819 1
1776 1777 1
1776 1820 1
1777 1778 1
1777 1821 1
1778 1779 1
1778 1822 1
1779 1780 1
1779 1823 1
1780 1781 1
1780 1824 1
1781 1782 1
1781 1825 1
1782 1783 1
1782 1826 1
1783 1784 1
1783 1827 1
1784 1785 1
1784 1828 1
1785 1786 1
1785 1829 1
1786 1787 1
1786 1830 1
1787 1788 1
1787 1831 1
1788 1789 1
1788 1832 1
1789 1790 1
1789 1833 1
1790 1791 1
1790 1834 1
1791 1792 1
1791 1835 1
1792 1793 1
1792 1836 1
1793 1794 1
1793 1837 1
1794 1795 1
1794 1838 1
1795 1796 1
1795 1839 1
1796 1797 1
1796 1840 1
1797 1798 1
1797 1841 1
1798 1799 1
1798 1842 1
1799 1800 1
1799 1843 1
1800 1801 1
1800 1844 1
1801 1802 1
1801 1845 1
1802 1803 1
1802 1846 1
1803 1804 1
1803 1847 1
1804 1848 1
1805 1806 1
1805 1849 1
1806 1807 1
1806 1850 1
1807 1808 1
1807 1851 1
1808 1809 1
1808 1852 1
1809 1810 1
1809 1853 1
1810 1811 1
1810 1854 1
1811 1812 1
1811 1855 1
1812 1813 1
1812 1856 1
1813 1814 1
1813 1857 1
1814 1815 1
1814 1858 1
1815 1816 1
1815 1859 1
1816 1817 1
1816 1860 1
1817 1818 1
1817 1861 1
1818 1819 1
1818 1862 1
1819 1820 1
1819 1863 1
1820 1821 1
1820 1864 1
1821 1822 1
1821 1865 1
1822 1823 1
1822 1866 1
1823 1824 1
1823 1867 1
1824 1825 1
1824 1868 1
1825 1826 1
1825 1869 1
1826 1827 1
1826 1870 1
1827 1828 1
1827 1871 1
1828 1829 1
1828 1872 1
1829 1830 1
1829 1873 1
1830 1831 1
1830 1874 1
1831 1832 1
1831 1875 1
1832 1833 1
1832 1876 1
1833 1834 1
1833 1877 1
1834 1835 1
1834 1878 1
1835 1836 1
1835 1879 1
1836 1837 1
1836 1880 1
1837 1838 1
1837 1881 1
1838 1839 1
1838 1882 1
1839 1840 1
1839 1883 1
1840 1841 1
1840 1884 1
1841 1842 1
1841 1885 1
1842 1843 1
1842 1886 1
1843 1844 1
1843 1887 1
1844 1845 1
1844 1888 1
1845 1846 1
1845 1889 1
1846 1847 1
1846 1890 1
1847 1848 1
1847 1891 1
1848 1892 1
1849 1850 1
1849 1893 1
1850 1851 1
1850 1894 1
1851 1852 1
1851 1895 1
1852 1853 1
1852 1896 1
1853 1854 1
1853 1897 1
1854 1855 1
1854 1898 1
1855 1856 1
1855 1899 1
1856 1857 1
1856 1900 1
1857 1858 1
1857 1901 1
1858 1859 1
1858 1902 1
1859 1860 1
1859 1903 1
1860 1861 1
1860 1904 1
1861 1862 1
1861 1905 1
1862 1863 1
1862 1906 1
1863 1864 1
1863 1907 1
1864 1865 1
1864 1908 1
1865 1866 1
1865 1909 1
1866 1867 1
1866 1910 1
1867 1868 1
1867 1911 1
1868 1869 1
1868 1912 1
1869 1870 1
1869 1913 1
1870 1871 1
1870 1914 1
1871 1872 1
1871 1915 1
1872 1873 1
1872 1916 1
1873 1874 1
1873 1917 1
1874 1875 1
1874 1918 1
1875 1876 1
1875 1919 1
1876 1877 1
1876 1920 1
1877 1878 1
1877 1921 1
1878 1879 1
1878 1922 1
1879 1880 1
1879 1923 1
1880 1881 1
1880 1924 1
1881 1882 1
1881 1925 1
1882 1883 1
1882 1926 1
1883 1884 1
1883 1927 1
1884 1885 1
1884 1928 1
1885 1886 1
1885 1929 1
1886 1887 1
1886 1930 1
1887 1888 1
1887 1931 1
1888 1889 1
1888 1932 1
1889 1890 1
1889 1933 1
1890 1891 1
1890 1934 1
1891 1892 1
1891 1935 1
1892 1936 1
1893 1894 1
1894 1895 1
1895 1896 1
1896 1897 1
1897 1898 1
1898 1899 1
1899 1900 1
1900 1901 1
1901 1902 1
1902 1903 1
1903 1904 1
1904 1905 1
1905 1906 1
1906 1907 1
1907 1908 1
1908 1909 1
1909 1910 1
1910 1911 1
1911 1912 1
1912 1913 1
1913 1914 1
1914 1915 1
1915 1916 1
1916 1917 1
1917 1918 1
1918 1919 1
1919 1920 1
1920 1921 1
1921 1922 1
1922 1923 1
1923 1924 1
1924 1925 1
1925 1926 1
1926 1927 1
1927 1928 1
1928 1929 1
1929 1930 1
1930 1931 1
1931 1932 1
1932 1933 1
1933 1934 1
1934 1935 1
1935 1936 1
