2025 1
1 2 1
1 46 1
2 3 1
2 47 1
3 4 1
3 48 1
4 5 1
4 49 1
5 6 1
5 50 1
6 7 1
6 51 1
7 8 1
7 52 1
8 9 1
8 53 1
9 10 1
9 54 1
10 11 1
10 55 1
11 12 1
11 56 1
12 13 1
12 57 1
13 14 1
13 58 1
14 15 1
14 59 1
15 16 1
15 60 1
16 17 1
16 61 1
17 18 1
17 62 1
18 19 1
18 63 1
19 20 1
19 64 1
20 21 1
20 65 1
21 22 1
21 66 1
22 23 1
22 67 1
23 24 1
23 68 1
24 25 1
24 69 1
25 26 1
25 70 1
26 27 1
26 71 1
27 28 1
27 72 1
28 29 1
28 73 1
29 30 1
29 74 1
30 31 1
30 75 1
31 32 1
31 76 1
32 33 1
32 77 1
33 34 1
33 78 1
34 35 1
34 79 1
35 36 1
35 80 1
36 37 1
36 81 1
37 38 1
37 82 1
38 39 1
38 83 1
39 40 1
39 84 1
40 41 1
40 85 1
41 42 1
41 86 1
42 43 1
42 87 1
43 44 1
43 88 1
44 45 1
44 89 1
45 90 1
46 47 1
46 91 1
47 48 1
47 92 1
48 49 1
48 93 1
49 50 1
49 94 1
50 51 1
50 95 1
51 52 1
51 96 1
52 53 1
52 97 1
53 54 1
53 98 1
54 55 1
54 99 1
55 56 1
55 100 1
56 57 1
56 101 1
57 58 1
57 102 1
58 59 1
58 103 1
59 60 1
59 104 1
60 61 1
60 105 1
61 62 1
61 106 1
62 63 1
62 107 1
63 64 1
63 108 1
64 65 1
64 109 1
65 66 1
65 110 1
66 67 1
66 111 1
67 68 1
67 112 1
68 69 1
68 113 1
69 70 1
69 114 1
70 71 1
70 115 1
71 72 1
71 116 1
72 73 1
72 117 1
73 74 1
73 118 1
74 75 1
74 119 1
75 76 1
75 120 1
76 77 1
76 121 1
77 78 1
77 122 1
78 79 1
78 123 1
79 80 1
79 124 1
80 81 1
80 125 1
81 82 1
81 126 1
82 83 1
82 127 1
83 84 1
83 128 1
84 85 1
84 129 1
85 86 1
85 130 1
86 87 1
86 131 1
87 88 1
87 132 1
88 89 1
88 133 1
89 90 1
89 134 1
90 135 1
91 92 1
91 136 1
92 93 1
92 137 1
93 94 1
93 138 1
94 95 1
94 139 1
95 96 1
95 140 1
96 97 1
96 141 1
97 98 1
97 142 1
98 99 1
98 143 1
99 100 1
99 144 1
100 101 1
100 145 1
101 102 1
101 146 1
102 103 1
102 147 1
103 104 1
103 148 1
104 105 1
104 149 1
105 106 1
105 150 1
106 107 1
106 151 1
107 108 1
107 152 1
108 109 1
108 153 1
109 110 1
109 154 1
110 111 1
110 155 1
111 112 1
111 156 1
112 113 1
112 157 1
113 114 1
113 158 1
114 115 1
114 159 1
115 116 1
115 160 1
116 117 1
116 161 1
117 118 1
117 162 1
118 119 1
118 163 1
119 120 1
119 164 1
120 121 1
120 165 1
121 122 1
121 166 1
122 123 1
122 167 1
123 124 1
123 168 1
124 125 1
124 169 1
125 126 1
125 170 1
126 127 1
126 171 1
127 128 1
127 172 1
128 129 1
128 173 1
129 130 1
129 174 1
130 131 1
130 175 1
131 132 1
131 176 1
132 133 1
132 177 1
133 134 1
133 178 1
134 135 1
134 179 1
135 180 1
136 137 1
136 181 1
137 138 1
137 182 1
138 139 1
138 183 1
139 140 1
139 184 1
140 141 1
140 185 1
141 142 1
141 186 1
142 143 1
142 187 1
143 144 1
143 188 1
144 145 1
144 189 1
145 146 1
145 190 1
146 147 1
146 191 1
147 148 1
147 192 1
148 149 1
148 193 1
149 150 1
149 194 1
150 151 1
150 195 1
151 152 1
151 196 1
152 153 1
152 197 1
153 154 1
153 198 1
154 155 1
154 199 1
155 156 1
155 200 1
156 157 1
156 201 1
157 158 1
157 202 1
158 159 1
158 203 1
159 160 1
159 204 1
160 161 1
160 205 1
161 162 1
161 206 1
162 163 1
162 207 1
163 164 1
163 208 1
164 165 1
164 209 1
165 166 1
165 210 1
166 167 1
166 211 1
167 168 1
167 212 1
168 169 1
168 213 1
169 170 1
169 214 1
170 171 1
170 215 1
171 172 1
171 216 1
172 173 1
172 217 1
173 174 1
173 218 1
174 175 1
174 219 1
175 176 1
175 220 1
176 177 1
176 221 1
177 178 1
177 222 1
178 179 1
178 223 1
179 180 1
179 224 1
180 225 1
181 182 1
181 226 1
182 183 1
182 227 1
183 184 1
183 228 1
184 185 1
184 229 1
185 186 1
185 230 1
186 187 1
186 231 1
187 188 1
187 232 1
188 189 1
188 233 1
189 190 1
189 234 1
190 191 1
190 235 1
191 192 1
191 236 1
192 193 1
192 237 1
193 194 1
193 238 1
194 195 1
194 239 1
195 196 1
195 240 1
196 197 1
196 241 1
197 198 1
197 242 1
198 199 1
198 243 1
199 200 1
199 244 1
200 201 1
200 245 1
201 202 1
201 246 1
202 203 1
202 247 1
203 204 1
203 248 1
204 205 1
204 249 1
205 206 1
205 250 1
206 207 1
206 251 1
207 208 1
207 252 1
208 209 1
208 253 1
209 210 1
209 254 1
210 211 1
210 255 1
211 212 1
211 256 1
212 213 1
212 257 1
213 214 1
213 258 1
214 215 1
214 259 1
215 216 1
215 260 1
216 217 1
216 261 1
217 218 1
217 262 1
218 219 1
218 263 1
219 220 1
219 264 1
220 221 1
220 265 1
221 222 1
221 266 1
222 223 1
222 267 1
223 224 1
223 268 1
224 225 1
224 269 1
225 270 1
226 227 1
226 271 1
227 228 1
227 272 1
228 229 1
228 273 1
229 230 1
229 274 1
230 231 1
230 275 1
231 232 1
231 276 1
232 233 1
232 277 1
233 234 1
233 278 1
234 235 1
234 279 1
235 236 1
235 280 1
236 237 1
236 281 1
237 238 1
237 282 1
238 239 1
238 283 1
239 240 1
239 284 1
240 241 1
240 285 1
241 242 1
241 286 1
242 243 1
242 287 1
243 244 1
243 288 1
244 245 1
244 289 1
245 246 1
245 290 1
246 247 1
246 291 1
247 248 1
247 292 1
248 249 1
248 293 1
249 250 1
249 294 1
250 251 1
250 295 1
251 252 1
251 296 1
252 253 1
252 297 1
253 254 1
253 298 1
254 255 1
254 299 1
255 256 1
255 300 1
256 257 1
256 301 1
257 258 1
257 302 1
258 259 1
258 303 1
259 260 1
259 304 1
260 261 1
260 305 1
261 262 1
261 306 1
262 263 1
262 307 1
263 264 1
263 308 1
264 265 1
264 309 1
265 266 1
265 310 1
266 267 1
266 311 1
267 268 1
267 312 1
268 269 1
268 313 1
269 270 1
269 314 1
270 315 1
271 272 1
271 316 1
272 273 1
272 317 1
273 274 1
273 318 1
274 275 1
274 319 1
275 276 1
275 320 1
276 277 1
276 321 1
277 278 1
277 322 1
278 279 1
278 323 1
279 280 1
279 324 1
280 281 1
280 325 1
281 282 1
281 326 1
282 283 1
282 327 1
283 284 1
283 328 1
284 285 1
284 329 1
285 286 1
285 330 1
286 287 1
286 331 1
287 288 1
287 332 1
288 289 1
288 333 1
289 290 1
289 334 1
290 291 1
290 335 1
291 292 1
291 336 1
292 293 1
292 337 1
293 294 1
293 338 1
294 295 1
294 339 1
295 296 1
295 340 1
296 297 1
296 341 1
297 298 1
297 342 1
298 299 1
298 343 1
299 300 1
299 344 1
300 301 1
300 345 1
301 302 1
301 346 1
302 303 1
302 347 1
303 304 1
303 348 1
304 305 1
304 349 1
305 306 1
305 350 1
306 307 1
306 351 1
307 308 1
307 352 1
308 309 1
308 353 1
309 310 1
309 354 1
310 311 1
310 355 1
311 312 1
311 356 1
312 313 1
312 357 1
313 314 1
313 358 1
314 315 1
314 359 1
315 360 1
316 317 1
316 361 1
317 318 1
317 362 1
318 319 1
318 363 1
319 320 1
319 364 1
320 321 1
320 365 1
321 322 1
321 366 1
322 323 1
322 367 1
323 324 1
323 368 1
324 325 1
324 369 1
325 326 1
325 370 1
326 327 1
326 371 1
327 328 1
327 372 1
328 329 1
328 373 1
329 330 1
329 374 1
330 331 1
330 375 1
331 332 1
331 376 1
332 333 1
332 377 1
333 334 1
333 378 1
334 335 1
334 379 1
335 336 1
335 380 1
336 337 1
336 381 1
337 338 1
337 382 1
338 339 1
338 383 1
339 340 1
339 384 1
340 341 1
340 385 1
341 342 1
341 386 1
342 343 1
342 387 1
343 344 1
343 388 1
344 345 1
344 389 1
345 346 1
345 390 1
346 347 1
346 391 1
347 348 1
347 392 1
348 349 1
348 393 1
349 350 1
349 394 1
350 351 1
350 395 1
351 352 1
351 396 1
352 353 1
352 397 1
353 354 1
353 398 1
354 355 1
354 399 1
355 356 1
355 400 1
356 357 1
356 401 1
357 358 1
357 402 1
358 359 1
358 403 1
359 360 1
359 404 1
360 405 1
361 362 1
361 406 1
362 363 1
362 407 1
363 364 1
363 408 1
364 365 1
364 409 1
365 366 1
365 410 1
366 367 1
366 411 1
367 368 1
367 412 1
368 369 1
368 413 1
369 370 1
369 414 1
370 371 1
370 415 1
371 372 1
371 416 1
372 373 1
372 417 1
373 374 1
373 418 1
374 375 1
374 419 1
375 376 1
375 420 1
376 377 1
376 421 1
377 378 1
377 422 1
378 379 1
378 423 1
379 380 1
379 424 1
380 381 1
380 425 1
381 382 1
381 426 1
382 383 1
382 427 1
383 384 1
383 428 1
384 385 1
384 429 1
385 386 1
385 430 1
386 387 1
386 431 1
387 388 1
387 432 1
388 389 1
388 433 1
389 390 1
389 434 1
390 391 1
390 435 1
391 392 1
391 436 1
392 393 1
392 437 1
393 394 1
393 438 1
394 395 1
394 439 1
395 396 1
395 440 1
396 397 1
396 441 1
397 398 1
397 442 1
398 399 1
398 443 1
399 400 1
399 444 1
400 401 1
400 445 1
401 402 1
401 446 1
402 403 1
402 447 1
403 404 1
403 448 1
404 405 1
404 449 1
405 450 1
406 407 1
406 451 1
407 408 1
407 452 1
408 409 1
408 453 1
409 410 1
409 454 1
410 411 1
410 455 1
411 412 1
411 456 1
412 413 1
412 457 1
413 414 1
413 458 1
414 415 1
414 459 1
415 416 1
415 460 1
416 417 1
416 461 1
417 418 1
417 462 1
418 419 1
418 463 1
419 420 1
419 464 1
420 421 1
420 465 1
421 422 1
421 466 1
422 423 1
422 467 1
423 424 1
423 468 1
424 425 1
424 469 1
425 426 1
425 470 1
426 427 1
426 471 1
427 428 1
427 472 1
428 429 1
428 473 1
429 430 1
429 474 1
430 431 1
430 475 1
431 432 1
431 476 1
432 433 1
432 477 1
433 434 1
433 478 1
434 435 1
434 479 1
435 436 1
435 480 1
436 437 1
436 481 1
437 438 1
437 482 1
438 439 1
438 483 1
439 440 1
439 484 1
440 441 1
440 485 1
441 442 1
441 486 1
442 443 1
442 487 1
443 444 1
443 488 1
444 445 1
444 489 1
445 446 1
445 490 1
446 447 1
446 491 1
447 448 1
447 492 1
448 449 1
448 493 1
449 450 1
449 494 1
450 495 1
451 452 1
451 496 1
452 453 1
452 497 1
453 454 1
453 498 1
454 455 1
454 499 1
455 456 1
455 500 1
456 457 1
456 501 1
457 458 1
457 502 1
458 459 1
458 503 1
459 460 1
459 504 1
460 461 1
460 505 1
461 462 1
461 506 1
462 463 1
462 507 1
463 464 1
463 508 1
464 465 1
464 509 1
465 466 1
465 510 1
466 467 1
466 511 1
467 468 1
467 512 1
468 469 1
468 513 1
469 470 1
469 514 1
470 471 1
470 515 1
471 472 1
471 516 1
472 473 1
472 517 1
473 474 1
473 518 1
474 475 1
474 519 1
475 476 1
475 520 1
476 477 1
476 521 1
477 478 1
477 522 1
478 479 1
478 523 1
479 480 1
479 524 1
480 481 1
480 525 1
481 482 1
481 526 1
482 483 1
482 527 1
483 484 1
483 528 1
484 485 1
484 529 1
485 486 1
485 530 1
486 487 1
486 531 1
487 488 1
487 532 1
488 489 1
488 533 1
489 490 1
489 534 1
490 491 1
490 535 1
491 492 1
491 536 1
492 493 1
492 537 1
493 494 1
493 538 1
494 495 1
494 539 1
495 540 1
496 497 1
496 541 1
497 498 1
497 542 1
498 499 1
498 543 1
499 500 1
499 544 1
500 501 1
500 545 1
501 502 1
501 546 1
502 503 1
502 547 1
503 504 1
503 548 1
504 505 1
504 549 1
505 506 1
505 550 1
506 507 1
506 551 1
507 508 1
507 552 1
508 509 1
508 553 1
509 510 1
509 554 1
510 511 1
510 555 1
511 512 1
511 556 1
512 513 1
512 557 1
513 514 1
513 558 1
514 515 1
514 559 1
515 516 1
515 560 1
516 517 1
516 561 1
517 518 1
517 562 1
518 519 1
518 563 1
519 520 1
519 564 1
520 521 1
520 565 1
521 522 1
521 566 1
522 523 1
522 567 1
523 524 1
523 568 1
524 525 1
524 569 1
525 526 1
525 570 1
526 527 1
526 571 1
527 528 1
527 572 1
528 529 1
528 573 1
529 530 1
529 574 1
530 531 1
530 575 1
531 532 1
531 576 1
532 533 1
532 577 1
533 534 1
533 578 1
534 535 1
534 579 1
535 536 1
535 580 1
536 537 1
536 581 1
537 538 1
537 582 1
538 539 1
538 583 1
539 540 1
539 584 1
540 585 1
541 542 1
541 586 1
542 543 1
542 587 1
543 544 1
543 588 1
544 545 1
544 589 1
545 546 1
545 590 1
546 547 1
546 591 1
547 548 1
547 592 1
548 549 1
548 593 1
549 550 1
549 594 1
550 551 1
550 595 1
551 552 1
551 596 1
552 553 1
552 597 1
553 554 1
553 598 1
554 555 1
554 599 1
555 556 1
555 600 1
556 557 1
556 601 1
557 558 1
557 602 1
558 559 1
558 603 1
559 560 1
559 604 1
560 561 1
560 605 1
561 562 1
561 606 1
562 563 1
562 607 1
563 564 1
563 608 1
564 565 1
564 609 1
565 566 1
565 610 1
566 567 1
566 611 1
567 568 1
567 612 1
568 569 1
568 613 1
569 570 1
569 614 1
570 571 1
570 615 1
571 572 1
571 616 1
572 573 1
572 617 1
573 574 1
573 618 1
574 575 1
574 619 1
575 576 1
575 620 1
576 577 1
576 621 1
577 578 1
577 622 1
578 579 1
578 623 1
579 580 1
579 624 1
580 581 1
580 625 1
581 582 1
581 626 1
582 583 1
582 627 1
583 584 1
583 628 1
584 585 1
584 629 1
585 630 1
586 587 1
586 631 1
587 588 1
587 632 1
588 589 1
588 633 1
589 590 1
589 634 1
590 591 1
590 635 1
591 592 1
591 636 1
592 593 1
592 637 1
593 594 1
593 638 1
594 595 1
594 639 1
595 596 1
595 640 1
596 597 1
596 641 1
597 598 1
597 642 1
598 599 1
598 643 1
599 600 1
599 644 1
600 601 1
600 645 1
601 602 1
601 646 1
602 603 1
602 647 1
603 604 1
603 648 1
604 605 1
604 649 1
605 606 1
605 650 1
606 607 1
606 651 1
607 608 1
607 652 1
608 609 1
608 653 1
609 610 1
609 654 1
610 611 1
610 655 1
611 612 1
611 656 1
612 613 1
612 657 1
613 614 1
613 658 1
614 615 1
614 659 1
615 616 1
615 660 1
616 617 1
616 661 1
617 618 1
617 662 1
618 619 1
618 663 1
619 620 1
619 664 1
620 621 1
620 665 1
621 622 1
621 666 1
622 623 1
622 667 1
623 624 1
623 668 1
624 625 1
624 669 1
625 626 1
625 670 1
626 627 1
626 671 1
627 628 1
627 672 1
628 629 1
628 673 1
629 630 1
629 674 1
630 675 1
631 632 1
631 676 1
632 633 1
632 677 1
633 634 1
633 678 1
634 635 1
634 679 1
635 636 1
635 680 1
636 637 1
636 681 1
637 638 1
637 682 1
638 639 1
638 683 1
639 640 1
639 684 1
640 641 1
640 685 1
641 642 1
641 686 1
642 643 1
642 687 1
643 644 1
643 688 1
644 645 1
644 689 1
645 646 1
645 690 1
646 647 1
646 691 1
647 648 1
647 692 1
648 649 1
648 693 1
649 650 1
649 694 1
650 651 1
650 695 1
651 652 1
651 696 1
652 653 1
652 697 1
653 654 1
653 698 1
654 655 1
654 699 1
655 656 1
655 700 1
656 657 1
656 701 1
657 658 1
657 702 1
658 659 1
658 703 1
659 660 1
659 704 1
660 661 1
660 705 1
661 662 1
661 706 1
662 663 1
662 707 1
663 664 1
663 708 1
664 665 1
664 709 1
665 666 1
665 710 1
666 667 1
666 711 1
667 668 1
667 712 1
668 669 1
668 713 1
669 670 1
669 714 1
670 671 1
670 715 1
671 672 1
671 716 1
672 673 1
672 717 1
673 674 1
673 718 1
674 675 1
674 719 1
675 720 1
676 677 1
676 721 1
677 678 1
677 722 1
678 679 1
678 723 1
679 680 1
679 724 1
680 681 1
680 725 1
681 682 1
681 726 1
682 683 1
682 727 1
683 684 1
683 728 1
684 685 1
684 729 1
685 686 1
685 730 1
686 687 1
686 731 1
687 688 1
687 732 1
688 689 1
688 733 1
689 690 1
689 734 1
690 691 1
690 735 1
691 692 1
691 736 1
692 693 1
692 737 1
693 694 1
693 738 1
694 695 1
694 739 1
695 696 1
695 740 1
696 697 1
696 741 1
697 698 1
697 742 1
698 699 1
698 743 1
699 700 1
699 744 1
700 701 1
700 745 1
701 702 1
701 746 1
702 703 1
702 747 1
703 704 1
703 748 1
704 705 1
704 749 1
705 706 1
705 750 1
706 707 1
706 751 1
707 708 1
707 752 1
708 709 1
708 753 1
709 710 1
709 754 1
710 711 1
710 755 1
711 712 1
711 756 1
712 713 1
712 757 1
713 714 1
713 758 1
714 715 1
714 759 1
715 716 1
715 760 1
716 717 1
716 761 1
717 718 1
717 762 1
718 719 1
718 763 1
719 720 1
719 764 1
720 765 1
721 722 1
721 766 1
722 723 1
722 767 1
723 724 1
723 768 1
724 725 1
724 769 1
725 726 1
725 770 1
726 727 1
726 771 1
727 728 1
727 772 1
728 729 1
728 773 1
729 730 1
729 774 1
730 731 1
730 775 1
731 732 1
731 776 1
732 733 1
732 777 1
733 734 1
733 778 1
734 735 1
734 779 1
735 736 1
735 780 1
736 737 1
736 781 1
737 738 1
737 782 1
738 739 1
738 783 1
739 740 1
739 784 1
740 741 1
740 785 1
741 742 1
741 786 1
742 743 1
742 787 1
743 744 1
743 788 1
744 745 1
744 789 1
745 746 1
745 790 1
746 747 1
746 791 1
747 748 1
747 792 1
748 749 1
748 793 1
749 750 1
749 794 1
750 751 1
750 795 1
751 752 1
751 796 1
752 753 1
752 797 1
753 754 1
753 798 1
754 755 1
754 799 1
755 756 1
755 800 1
756 757 1
756 801 1
757 758 1
757 802 1
758 759 1
758 803 1
759 760 1
759 804 1
760 761 1
760 805 1
761 762 1
761 806 1
762 763 1
762 807 1
763 764 1
763 808 1
764 765 1
764 809 1
765 810 1
766 767 1
766 811 1
767 768 1
767 812 1
768 769 1
768 813 1
769 770 1
769 814 1
770 771 1
770 815 1
771 772 1
771 816 1
772 773 1
772 817 1
773 774 1
773 818 1
774 775 1
774 819 1
775 776 1
775 820 1
776 777 1
776 821 1
777 778 1
777 822 1
778 779 1
778 823 1
779 780 1
779 824 1
780 781 1
780 825 1
781 782 1
781 826 1
782 783 1
782 827 1
783 784 1
783 828 1
784 785 1
784 829 1
785 786 1
785 830 1
786 787 1
786 831 1
787 788 1
787 832 1
788 789 1
788 833 1
789 790 1
789 834 1
790 791 1
790 835 1
791 792 1
791 836 1
792 793 1
792 837 1
793 794 1
793 838 1
794 795 1
794 839 1
795 796 1
795 840 1
796 797 1
796 841 1
797 798 1
797 842 1
798 799 1
798 843 1
799 800 1
799 844 1
800 801 1
800 845 1
801 802 1
801 846 1
802 803 1
802 847 1
803 804 1
803 848 1
804 805 1
804 849 1
805 806 1
805 850 1
806 807 1
806 851 1
807 808 1
807 852 1
808 809 1
808 853 1
809 810 1
809 854 1
810 855 1
811 812 1
811 856 1
812 813 1
812 857 1
813 814 1
813 858 1
814 815 1
814 859 1
815 816 1
815 860 1
816 817 1
816 861 1
817 818 1
817 862 1
818 819 1
818 863 1
819 820 1
819 864 1
820 821 1
820 865 1
821 822 1
821 866 1
822 823 1
822 867 1
823 824 1
823 868 1
824 825 1
824 869 1
825 826 1
825 870 1
826 827 1
826 871 1
827 828 1
827 872 1
828 829 1
828 873 1
829 830 1
829 874 1
830 831 1
830 875 1
831 832 1
831 876 1
832 833 1
832 877 1
833 834 1
833 878 1
834 835 1
834 879 1
835 836 1
835 880 1
836 837 1
836 881 1
837 838 1
837 882 1
838 839 1
838 883 1
839 840 1
839 884 1
840 841 1
840 885 1
841 842 1
841 886 1
842 843 1
842 887 1
843 844 1
843 888 1
844 845 1
844 889 1
845 846 1
845 890 1
846 847 1
846 891 1
847 848 1
847 892 1
848 849 1
848 893 1
849 850 1
849 894 1
850 851 1
850 895 1
851 852 1
851 896 1
852 853 1
852 897 1
853 854 1
853 898 1
854 855 1
854 899 1
855 900 1
856 857 1
856 901 1
857 858 1
857 902 1
858 859 1
858 903 1
859 860 1
859 904 1
860 861 1
860 905 1
861 862 1
861 906 1
862 863 1
862 907 1
863 864 1
863 908 1
864 865 1
864 909 1
865 866 1
865 910 1
866 867 1
866 911 1
867 868 1
867 912 1
868 869 1
868 913 1
869 870 1
869 914 1
870 871 1
870 915 1
871 872 1
871 916 1
872 873 1
872 917 1
873 874 1
873 918 1
874 875 1
874 919 1
875 876 1
875 920 1
876 877 1
876 921 1
877 878 1
877 922 1
878 879 1
878 923 1
879 880 1
879 924 1
880 881 1
880 925 1
881 882 1
881 926 1
882 883 1
882 927 1
883 884 1
883 928 1
884 885 1
884 929 1
885 886 1
885 930 1
886 887 1
886 931 1
887 888 1
887 932 1
888 889 1
888 933 1
889 890 1
889 934 1
890 891 1
890 935 1
891 892 1
891 936 1
892 893 1
892 937 1
893 894 1
893 938 1
894 895 1
894 939 1
895 896 1
895 940 1
896 897 1
896 941 1
897 898 1
897 942 1
898 899 1
898 943 1
899 900 1
899 944 1
900 945 1
901 902 1
901 946 1
902 903 1
902 947 1
903 904 1
903 948 1
904 905 1
904 949 1
905 906 1
905 950 1
906 907 1
906 951 1
907 908 1
907 952 1
908 909 1
908 953 1
909 910 1
909 954 1
910 911 1
910 955 1
911 912 1
911 956 1
912 913 1
912 957 1
913 914 1
913 958 1
914 915 1
914 959 1
915 916 1
915 960 1
916 917 1
916 961 1
917 918 1
917 962 1
918 919 1
918 963 1
919 920 1
919 964 1
920 921 1
920 965 1
921 922 1
921 966 1
922 923 1
922 967 1
923 924 1
923 968 1
924 925 1
924 969 1
925 926 1
925 970 1
926 927 1
926 971 1
927 928 1
927 972 1
928 929 1
928 973 1
929 930 1
929 974 1
930 931 1
930 975 1
931 932 1
931 976 1
932 933 1
932 977 1
933 934 1
933 978 1
934 935 1
934 979 1
935 936 1
935 980 1
936 937 1
936 981 1
937 938 1
937 982 1
938 939 1
938 983 1
939 940 1
939 984 1
940 941 1
940 985 1
941 942 1
941 986 1
942 943 1
942 987 1
943 944 1
943 988 1
944 945 1
944 989 1
945 990 1
946 947 1
946 991 1
947 948 1
947 992 1
948 949 1
948 993 1
949 950 1
949 994 1
950 951 1
950 995 1
951 952 1
951 996 1
952 953 1
952 997 1
953 954 1
953 998 1
954 955 1
954 999 1
955 956 1
955 1000 1
956 957 1
956 1001 1
957 958 1
957 1002 1
958 959 1
958 1003 1
959 960 1
959 1004 1
960 961 1
960 1005 1
961 962 1
961 1006 1
962 963 1
962 1007 1
963 964 1
963 1008 1
964 965 1
964 1009 1
965 966 1
965 1010 1
966 967 1
966 1011 1
967 968 1
967 1012 1
968 969 1
968 1013 1
969 970 1
969 1014 1
970 971 1
970 1015 1
971 972 1
971 1016 1
972 973 1
972 1017 1
973 974 1
973 1018 1
974 975 1
974 1019 1
975 976 1
975 1020 1
976 977 1
976 1021 1
977 978 1
977 1022 1
978 979 1
978 1023 1
979 980 1
979 1024 1
980 981 1
980 1025 1
981 982 1
981 1026 1
982 983 1
982 1027 1
983 984 1
983 1028 1
984 985 1
984 1029 1
985 986 1
985 1030 1
986 987 1
986 1031 1
987 988 1
987 1032 1
988 989 1
988 1033 1
989 990 1
989 1034 1
990 1035 1
991 992 1
991 1036 1
992 993 1
992 1037 1
993 994 1
993 1038 1
994 995 1
994 1039 1
995 996 1
995 1040 1
996 997 1
996 1041 1
997 998 1
997 1042 1
998 999 1
998 1043 1
999 1000 1
999 1044 1
1000 1001 1
1000 1045 1
1001 1002 1
1001 1046 1
1002 1003 1
1002 1047 1
1003 1004 1
1003 1048 1
1004 1005 1
1004 1049 1
1005 1006 1
1005 1050 1
1006 1007 1
1006 1051 1
1007 1008 1
1007 1052 1
1008 1009 1
1008 1053 1
1009 1010 1
1009 1054 1
1010 1011 1
1010 1055 1
1011 1012 1
1011 1056 1
1012 1013 1
1012 1057 1
1013 1014 1
1013 1058 1
1014 1015 1
1014 1059 1
1015 1016 1
1015 1060 1
1016 1017 1
1016 1061 1
1017 1018 1
1017 1062 1
1018 1019 1
1018 1063 1
1019 1020 1
1019 1064 1
1020 1021 1
1020 1065 1
1021 1022 1
1021 1066 1
1022 1023 1
1022 1067 1
1023 1024 1
1023 1068 1
1024 1025 1
1024 1069 1
1025 1026 1
1025 1070 1
1026 1027 1
1026 1071 1
1027 1028 1
1027 1072 1
1028 1029 1
1028 1073 1
1029 1030 1
1029 1074 1
1030 1031 1
1030 1075 1
1031 1032 1
1031 1076 1
1032 1033 1
1032 1077 1
1033 1034 1
1033 1078 1
1034 1035 1
1034 1079 1
1035 1080 1
1036 1037 1
1036 1081 1
1037 1038 1
1037 1082 1
1038 1039 1
1038 1083 1
1039 1040 1
1039 1084 1
1040 1041 1
1040 1085 1
1041 1042 1
1041 1086 1
1042 1043 1
1042 1087 1
1043 1044 1
1043 1088 1
1044 1045 1
1044 1089 1
1045 1046 1
1045 1090 1
1046 1047 1
1046 1091 1
1047 1048 1
1047 1092 1
1048 1049 1
1048 1093 1
1049 1050 1
1049 1094 1
1050 1051 1
1050 1095 1
1051 1052 1
1051 1096 1
1052 1053 1
1052 1097 1
1053 1054 1
1053 1098 1
1054 1055 1
1054 1099 1
1055 1056 1
1055 1100 1
1056 1057 1
1056 1101 1
1057 1058 1
1057 1102 1
1058 1059 1
1058 1103 1
1059 1060 1
1059 1104 1
1060 1061 1
1060 1105 1
1061 1062 1
1061 1106 1
1062 1063 1
1062 1107 1
1063 1064 1
1063 1108 1
1064 1065 1
1064 1109 1
1065 1066 1
1065 1110 1
1066 1067 1
1066 1111 1
1067 1068 1
1067 1112 1
1068 1069 1
1068 1113 1
1069 1070 1
1069 1114 1
1070 1071 1
1070 1115 1
1071 1072 1
1071 1116 1
1072 1073 1
1072 1117 1
1073 1074 1
1073 1118 1
1074 1075 1
1074 1119 1
1075 1076 1
1075 1120 1
1076 1077 1
1076 1121 1
1077 1078 1
1077 1122 1
1078 1079 1
1078 1123 1
1079 1080 1
1079 1124 1
1080 1125 1
1081 1082 1
1081 1126 1
1082 1083 1
1082 1127 1
1083 1084 1
1083 1128 1
1084 1085 1
1084 1129 1
1085 1086 1
1085 1130 1
1086 1087 1
1086 1131 1
1087 1088 1
1087 1132 1
1088 1089 1
1088 1133 1
1089 1090 1
1089 1134 1
1090 1091 1
1090 1135 1
1091 1092 1
1091 1136 1
1092 1093 1
1092 1137 1
1093 1094 1
1093 1138 1
1094 1095 1
1094 1139 1
1095 1096 1
1095 1140 1
1096 1097 1
1096 1141 1
1097 1098 1
1097 1142 1
1098 1099 1
1098 1143 1
1099 1100 1
1099 1144 1
1100 1101 1
1100 1145 1
1101 1102 1
1101 1146 1
1102 1103 1
1102 1147 1
1103 1104 1
1103 1148 1
1104 1105 1
1104 1149 1
1105 1106 1
1105 1150 1
1106 1107 1
1106 1151 1
1107 1108 1
1107 1152 1
1108 1109 1
1108 1153 1
1109 1110 1
1109 1154 1
1110 1111 1
1110 1155 1
1111 1112 1
1111 1156 1
1112 1113 1
1112 1157 1
1113 1114 1
1113 1158 1
1114 1115 1
1114 1159 1
1115 1116 1
1115 1160 1
1116 1117 1
1116 1161 1
1117 1118 1
1117 1162 1
1118 1119 1
1118 1163 1
1119 1120 1
1119 1164 1
1120 1121 1
1120 1165 1
1121 1122 1
1121 1166 1
1122 1123 1
1122 1167 1
1123 1124 1
1123 1168 1
1124 1125 1
1124 1169 1
1125 1170 1
1126 1127 1
1126 1171 1
1127 1128 1
1127 1172 1
1128 1129 1
1128 1173 1
1129 1130 1
1129 1174 1
1130 1131 1
1130 1175 1
1131 1132 1
1131 1176 1
1132 1133 1
1132 1177 1
1133 1134 1
1133 1178 1
1134 1135 1
1134 1179 1
1135 1136 1
1135 1180 1
1136 1137 1
1136 1181 1
1137 1138 1
1137 1182 1
1138 1139 1
1138 1183 1
1139 1140 1
1139 1184 1
1140 1141 1
1140 1185 1
1141 1142 1
1141 1186 1
1142 1143 1
1142 1187 1
1143 1144 1
1143 1188 1
1144 1145 1
1144 1189 1
1145 1146 1
1145 1190 1
1146 1147 1
1146 1191 1
1147 1148 1
1147 1192 1
1148 1149 1
1148 1193 1
1149 1150 1
1149 1194 1
1150 1151 1
1150 1195 1
1151 1152 1
1151 1196 1
1152 1153 1
1152 1197 1
1153 1154 1
1153 1198 1
1154 1155 1
1154 1199 1
1155 1156 1
1155 1200 1
1156 1157 1
1156 1201 1
1157 1158 1
1157 1202 1
1158 1159 1
1158 1203 1
1159 1160 1
1159 1204 1
1160 1161 1
1160 1205 1
1161 1162 1
1161 1206 1
1162 1163 1
1162 1207 1
1163 1164 1
1163 1208 1
1164 1165 1
1164 1209 1
1165 1166 1
1165 1210 1
1166 1167 1
1166 1211 1
1167 1168 1
1167 1212 1
1168 1169 1
1168 1213 1
1169 1170 1
1169 1214 1
1170 1215 1
1171 1172 1
1171 1216 1
1172 1173 1
1172 1217 1
1173 1174 1
1173 1218 1
1174 1175 1
1174 1219 1
1175 1176 1
1175 1220 1
1176 1177 1
1176 1221 1
1177 1178 1
1177 1222 1
1178 1179 1
1178 1223 1
1179 1180 1
1179 1224 1
1180 1181 1
1180 1225 1
1181 1182 1
1181 1226 1
1182 1183 1
1182 1227 1
1183 1184 1
1183 1228 1
1184 1185 1
1184 1229 1
1185 1186 1
1185 1230 1
1186 1187 1
1186 1231 1
1187 1188 1
1187 1232 1
1188 1189 1
1188 1233 1
1189 1190 1
1189 1234 1
1190 1191 1
1190 1235 1
1191 1192 1
1191 1236 1
1192 1193 1
1192 1237 1
1193 1194 1
1193 1238 1
1194 1195 1
1194 1239 1
1195 1196 1
1195 1240 1
1196 1197 1
1196 1241 1
1197 1198 1
1197 1242 1
1198 1199 1
1198 1243 1
1199 1200 1
1199 1244 1
1200 1201 1
1200 1245 1
1201 1202 1
1201 1246 1
1202 1203 1
1202 1247 1
1203 1204 1
1203 1248 1
1204 1205 1
1204 1249 1
1205 1206 1
1205 1250 1
1206 1207 1
1206 1251 1
1207 1208 1
1207 1252 1
1208 1209 1
1208 1253 1
1209 1210 1
1209 1254 1
1210 1211 1
1210 1255 1
1211 1212 1
1211 1256 1
1212 1213 1
1212 1257 1
1213 1214 1
1213 1258 1
1214 1215 1
1214 1259 1
1215 1260 1
1216 1217 1
1216 1261 1
1217 1218 1
1217 1262 1
1218 1219 1
1218 1263 1
1219 1220 1
1219 1264 1
1220 1221 1
1220 1265 1
1221 1222 1
1221 1266 1
1222 1223 1
1222 1267 1
1223 1224 1
1223 1268 1
1224 1225 1
1224 1269 1
1225 1226 1
1225 1270 1
1226 1227 1
1226 1271 1
1227 1228 1
1227 1272 1
1228 1229 1
1228 1273 1
1229 1230 1
1229 1274 1
1230 1231 1
1230 1275 1
1231 1232 1
1231 1276 1
1232 1233 1
1232 1277 1
1233 1234 1
1233 1278 1
1234 1235 1
1234 1279 1
1235 1236 1
1235 1280 1
1236 1237 1
1236 1281 1
1237 1238 1
1237 1282 1
1238 1239 1
1238 1283 1
1239 1240 1
1239 1284 1
1240 1241 1
1240 1285 1
1241 1242 1
1241 1286 1
1242 1243 1
1242 1287 1
1243 1244 1
1243 1288 1
1244 1245 1
1244 1289 1
1245 1246 1
1245 1290 1
1246 1247 1
1246 1291 1
1247 1248 1
1247 1292 1
1248 1249 1
1248 1293 1
1249 1250 1
1249 1294 1
1250 1251 1
1250 1295 1
1251 1252 1
1251 1296 1
1252 1253 1
1252 1297 1
1253 1254 1
1253 1298 1
1254 1255 1
1254 1299 1
1255 1256 1
1255 1300 1
1256 1257 1
1256 1301 1
1257 1258 1
1257 1302 1
1258 1259 1
1258 1303 1
1259 1260 1
1259 1304 1
1260 1305 1
1261 1262 1
1261 1306 1
1262 1263 1
1262 1307 1
1263 1264 1
1263 1308 1
1264 1265 1
1264 1309 1
1265 1266 1
1265 1310 1
1266 1267 1
1266 1311 1
1267 1268 1
1267 1312 1
1268 1269 1
1268 1313 1
1269 1270 1
1269 1314 1
1270 1271 1
1270 1315 1
1271 1272 1
1271 1316 1
1272 1273 1
1272 1317 1
1273 1274 1
1273 1318 1
1274 1275 1
1274 1319 1
1275 1276 1
1275 1320 1
1276 1277 1
1276 1321 1
1277 1278 1
1277 1322 1
1278 1279 1
1278 1323 1
1279 1280 1
1279 1324 1
1280 1281 1
1280 1325 1
1281 1282 1
1281 1326 1
1282 1283 1
1282 1327 1
1283 1284 1
1283 1328 1
1284 1285 1
1284 1329 1
1285 1286 1
1285 1330 1
1286 1287 1
1286 1331 1
1287 1288 1
1287 1332 1
1288 1289 1
1288 1333 1
1289 1290 1
1289 1334 1
1290 1291 1
1290 1335 1
1291 1292 1
1291 1336 1
1292 1293 1
1292 1337 1
1293 1294 1
1293 1338 1
1294 1295 1
1294 1339 1
1295 1296 1
1295 1340 1
1296 1297 1
1296 1341 1
1297 1298 1
1297 1342 1
1298 1299 1
1298 1343 1
1299 1300 1
1299 1344 1
1300 1301 1
1300 1345 1
1301 1302 1
1301 1346 1
1302 1303 1
1302 1347 1
1303 1304 1
1303 1348 1
1304 1305 1
1304 1349 1
1305 1350 1
1306 1307 1
1306 1351 1
1307 1308 1
1307 1352 1
1308 1309 1
1308 1353 1
1309 1310 1
1309 1354 1
1310 1311 1
1310 1355 1
1311 1312 1
1311 1356 1
1312 1313 1
1312 1357 1
1313 1314 1
1313 1358 1
1314 1315 1
1314 1359 1
1315 1316 1
1315 1360 1
1316 1317 1
1316 1361 1
1317 1318 1
1317 1362 1
1318 1319 1
1318 1363 1
1319 1320 1
1319 1364 1
1320 1321 1
1320 1365 1
1321 1322 1
1321 1366 1
1322 1323 1
1322 1367 1
1323 1324 1
1323 1368 1
1324 1325 1
1324 1369 1
1325 1326 1
1325 1370 1
1326 1327 1
1326 1371 1
1327 1328 1
1327 1372 1
1328 1329 1
1328 1373 1
1329 1330 1
1329 1374 1
1330 1331 1
1330 1375 1
1331 1332 1
1331 1376 1
1332 1333 1
1332 1377 1
1333 1334 1
1333 1378 1
1334 1335 1
1334 1379 1
1335 1336 1
1335 1380 1
1336 1337 1
1336 1381 1
1337 1338 1
1337 1382 1
1338 1339 1
1338 1383 1
1339 1340 1
1339 1384 1
1340 1341 1
1340 1385 1
1341 1342 1
1341 1386 1
1342 1343 1
1342 1387 1
1343 1344 1
1343 1388 1
1344 1345 1
1344 1389 1
1345 1346 1
1345 1390 1
1346 1347 1
1346 1391 1
1347 1348 1
1347 1392 1
1348 1349 1
1348 1393 1
1349 1350 1
1349 1394 1
1350 1395 1
1351 1352 1
1351 1396 1
1352 1353 1
1352 1397 1
1353 1354 1
1353 1398 1
1354 1355 1
1354 1399 1
1355 1356 1
1355 1400 1
1356 1357 1
1356 1401 1
1357 1358 1
1357 1402 1
1358 1359 1
1358 1403 1
1359 1360 1
1359 1404 1
1360 1361 1
1360 1405 1
1361 1362 1
1361 1406 1
1362 1363 1
1362 1407 1
1363 1364 1
1363 1408 1
1364 1365 1
1364 1409 1
1365 1366 1
1365 1410 1
1366 1367 1
1366 1411 1
1367 1368 1
1367 1412 1
1368 1369 1
1368 1413 1
1369 1370 1
1369 1414 1
1370 1371 1
1370 1415 1
1371 1372 1
1371 1416 1
1372 1373 1
1372 1417 1
1373 1374 1
1373 1418 1
1374 1375 1
1374 1419 1
1375 1376 1
1375 1420 1
1376 1377 1
1376 1421 1
1377 1378 1
1377 1422 1
1378 1379 1
1378 1423 1
1379 1380 1
1379 1424 1
1380 1381 1
1380 1425 1
1381 1382 1
1381 1426 1
1382 1383 1
1382 1427 1
1383 1384 1
1383 1428 1
1384 1385 1
1384 1429 1
1385 1386 1
1385 1430 1
1386 1387 1
1386 1431 1
1387 1388 1
1387 1432 1
1388 1389 1
1388 1433 1
1389 1390 1
1389 1434 1
1390 1391 1
1390 1435 1
1391 1392 1
1391 1436 1
1392 1393 1
1392 1437 1
1393 1394 1
1393 1438 1
1394 1395 1
1394 1439 1
1395 1440 1
1396 1397 1
1396 1441 1
1397 1398 1
1397 1442 1
1398 1399 1
1398 1443 1
1399 1400 1
1399 1444 1
1400 1401 1
1400 1445 1
1401 1402 1
1401 1446 1
1402 1403 1
1402 1447 1
1403 1404 1
1403 1448 1
1404 1405 1
1404 1449 1
1405 1406 1
1405 1450 1
1406 1407 1
1406 1451 1
1407 1408 1
1407 1452 1
1408 1409 1
1408 1453 1
1409 1410 1
1409 1454 1
1410 1411 1
1410 1455 1
1411 1412 1
1411 1456 1
1412 1413 1
1412 1457 1
1413 1414 1
1413 1458 1
1414 1415 1
1414 1459 1
1415 1416 1
1415 1460 1
1416 1417 1
1416 1461 1
1417 1418 1
1417 1462 1
1418 1419 1
1418 1463 1
1419 1420 1
1419 1464 1
1420 1421 1
1420 1465 1
1421 1422 1
1421 1466 1
1422 1423 1
1422 1467 1
1423 1424 1
1423 1468 1
1424 1425 1
1424 1469 1
1425 1426 1
1425 1470 1
1426 1427 1
1426 1471 1
1427 1428 1
1427 1472 1
1428 1429 1
1428 1473 1
1429 1430 1
1429 1474 1
1430 1431 1
1430 1475 1
1431 1432 1
1431 1476 1
1432 1433 1
1432 1477 1
1433 1434 1
1433 1478 1
1434 1435 1
1434 1479 1
1435 1436 1
1435 1480 1
1436 1437 1
1436 1481 1
1437 1438 1
1437 1482 1
1438 1439 1
1438 1483 1
1439 1440 1
1439 1484 1
1440 1485 1
1441 1442 1
1441 1486 1
1442 1443 1
1442 1487 1
1443 1444 1
1443 1488 1
1444 1445 1
1444 1489 1
1445 1446 1
1445 1490 1
1446 1447 1
1446 1491 1
1447 1448 1
1447 1492 1
1448 1449 1
1448 1493 1
1449 1450 1
1449 1494 1
1450 1451 1
1450 1495 1
1451 1452 1
1451 1496 1
1452 1453 1
1452 1497 1
1453 1454 1
1453 1498 1
1454 1455 1
1454 1499 1
1455 1456 1
1455 1500 1
1456 1457 1
1456 1501 1
1457 1458 1
1457 1502 1
1458 1459 1
1458 1503 1
1459 1460 1
1459 1504 1
1460 1461 1
1460 1505 1
1461 1462 1
1461 1506 1
1462 1463 1
1462 1507 1
1463 1464 1
1463 1508 1
1464 1465 1
1464 1509 1
1465 1466 1
1465 1510 1
1466 1467 1
1466 1511 1
1467 1468 1
1467 1512 1
1468 1469 1
1468 1513 1
1469 1470 1
1469 1514 1
1470 1471 1
1470 1515 1
1471 1472 1
1471 1516 1
1472 1473 1
1472 1517 1
1473 1474 1
1473 1518 1
1474 1475 1
1474 1519 1
1475 1476 1
1475 1520 1
1476 1477 1
1476 1521 1
1477 1478 1
1477 1522 1
1478 1479 1
1478 1523 1
1479 1480 1
1479 1524 1
1480 1481 1
1480 1525 1
1481 1482 1
1481 1526 1
1482 1483 1
1482 1527 1
1483 1484 1
1483 1528 1
1484 1485 1
1484 1529 1
1485 1530 1
1486 1487 1
1486 1531 1
1487 1488 1
1487 1532 1
1488 1489 1
1488 1533 1
1489 1490 1
1489 1534 1
1490 1491 1
1490 1535 1
1491 1492 1
1491 1536 1
1492 1493 1
1492 1537 1
1493 1494 1
1493 1538 1
1494 1495 1
1494 1539 1
1495 1496 1
1495 1540 1
1496 1497 1
1496 1541 1
1497 1498 1
1497 1542 1
1498 1499 1
1498 1543 1
1499 1500 1
1499 1544 1
1500 1501 1
1500 1545 1
1501 1502 1
1501 1546 1
1502 1503 1
1502 1547 1
1503 1504 1
1503 1548 1
1504 1505 1
1504 1549 1
1505 1506 1
1505 1550 1
1506 1507 1
1506 1551 1
1507 1508 1
1507 1552 1
1508 1509 1
1508 1553 1
1509 1510 1
1509 1554 1
1510 1511 1
1510 1555 1
1511 1512 1
1511 1556 1
1512 1513 1
1512 1557 1
1513 1514 1
1513 1558 1
1514 1515 1
1514 1559 1
1515 1516 1
1515 1560 1
1516 1517 1
1516 1561 1
1517 1518 1
1517 1562 1
1518 1519 1
1518 1563 1
1519 1520 1
1519 1564 1
1520 1521 1
1520 1565 1
1521 1522 1
1521 1566 1
1522 1523 1
1522 1567 1
1523 1524 1
1523 1568 1
1524 1525 1
1524 1569 1
1525 1526 1
1525 1570 1
1526 1527 1
1526 1571 1
1527 1528 1
1527 1572 1
1528 1529 1
1528 1573 1
1529 1530 1
1529 1574 1
1530 1575 1
1531 1532 1
1531 1576 1
1532 1533 1
1532 1577 1
1533 1534 1
1533 1578 1
1534 1535 1
1534 1579 1
1535 1536 1
1535 1580 1
1536 1537 1
1536 1581 1
1537 1538 1
1537 1582 1
1538 1539 1
1538 1583 1
1539 1540 1
1539 1584 1
1540 1541 1
1540 1585 1
1541 1542 1
1541 1586 1
1542 1543 1
1542 1587 1
1543 1544 1
1543 1588 1
1544 1545 1
1544 1589 1
1545 1546 1
1545 1590 1
1546 1547 1
1546 1591 1
1547 1548 1
1547 1592 1
1548 1549 1
1548 1593 1
1549 1550 1
1549 1594 1
1550 1551 1
1550 1595 1
1551 1552 1
1551 1596 1
1552 1553 1
1552 1597 1
1553 1554 1
1553 1598 1
1554 1555 1
1554 1599 1
1555 1556 1
1555 1600 1
1556 1557 1
1556 1601 1
1557 1558 1
1557 1602 1
1558 1559 1
1558 1603 1
1559 1560 1
1559 1604 1
1560 1561 1
1560 1605 1
1561 1562 1
1561 1606 1
1562 1563 1
1562 1607 1
1563 1564 1
1563 1608 1
1564 1565 1
1564 1609 1
1565 1566 1
1565 1610 1
1566 1567 1
1566 1611 1
1567 1568 1
1567 1612 1
1568 1569 1
1568 1613 1
1569 1570 1
1569 1614 1
1570 1571 1
1570 1615 1
1571 1572 1
1571 1616 1
1572 1573 1
1572 1617 1
1573 1574 1
1573 1618 1
1574 1575 1
1574 1619 1
1575 1620 1
1576 1577 1
1576 1621 1
1577 1578 1
1577 1622 1
1578 1579 1
1578 1623 1
1579 1580 1
1579 1624 1
1580 1581 1
1580 1625 1
1581 1582 1
1581 1626 1
1582 1583 1
1582 1627 1
1583 1584 1
1583 1628 1
1584 1585 1
1584 1629 1
1585 1586 1
1585 1630 1
1586 1587 1
1586 1631 1
1587 1588 1
1587 1632 1
1588 1589 1
1588 1633 1
1589 1590 1
1589 1634 1
1590 1591 1
1590 1635 1
1591 1592 1
1591 1636 1
1592 1593 1
1592 1637 1
1593 1594 1
1593 1638 1
1594 1595 1
1594 1639 1
1595 1596 1
1595 1640 1
1596 1597 1
1596 1641 1
1597 1598 1
1597 1642 1
1598 1599 1
1598 1643 1
1599 1600 1
1599 1644 1
1600 1601 1
1600 1645 1
1601 1602 1
1601 1646 1
1602 1603 1
1602 1647 1
1603 1604 1
1603 1648 1
1604 1605 1
1604 1649 1
1605 1606 1
1605 1650 1
1606 1607 1
1606 1651 1
1607 1608 1
1607 1652 1
1608 1609 1
1608 1653 1
1609 1610 1
1609 1654 1
1610 1611 1
1610 1655 1
1611 1612 1
1611 1656 1
1612 1613 1
1612 1657 1
1613 1614 1
1613 1658 1
1614 1615 1
1614 1659 1
1615 1616 1
1615 1660 1
1616 1617 1
1616 1661 1
1617 1618 1
1617 1662 1
1618 1619 1
1618 1663 1
1619 1620 1
1619 1664 1
1620 1665 1
1621 1622 1
1621 1666 1
1622 1623 1
1622 1667 1
1623 1624 1
1623 1668 1
1624 1625 1
1624 1669 1
1625 1626 1
1625 1670 1
1626 1627 1
1626 1671 1
1627 1628 1
1627 1672 1
1628 1629 1
1628 1673 1
1629 1630 1
1629 1674 1
1630 1631 1
1630 1675 1
1631 1632 1
1631 1676 1
1632 1633 1
1632 1677 1
1633 1634 1
1633 1678 1
1634 1635 1
1634 1679 1
1635 1636 1
1635 1680 1
1636 1637 1
1636 1681 1
1637 1638 1
1637 1682 1
1638 1639 1
1638 1683 1
1639 1640 1
1639 1684 1
1640 1641 1
1640 1685 1
1641 1642 1
1641 1686 1
1642 1643 1
1642 1687 1
1643 1644 1
1643 1688 1
1644 1645 1
1644 1689 1
1645 1646 1
1645 1690 1
1646 1647 1
1646 1691 1
1647 1648 1
1647 1692 1
1648 1649 1
1648 1693 1
1649 1650 1
1649 1694 1
1650 1651 1
1650 1695 1
1651 1652 1
1651 1696 1
1652 1653 1
1652 1697 1
1653 1654 1
1653 1698 1
1654 1655 1
1654 1699 1
1655 1656 1
1655 1700 1
1656 1657 1
1656 1701 1
1657 1658 1
1657 1702 1
1658 1659 1
1658 1703 1
1659 1660 1
1659 1704 1
1660 1661 1
1660 1705 1
1661 1662 1
1661 1706 1
1662 1663 1
1662 1707 1
1663 1664 1
1663 1708 1
1664 1665 1
1664 1709 1
1665 1710 1
1666 1667 1
1666 1711 1
1667 1668 1
1667 1712 1
1668 1669 1
1668 1713 1
1669 1670 1
1669 1714 1
1670 1671 1
1670 1715 1
1671 1672 1
1671 1716 1
1672 1673 1
1672 1717 1
1673 1674 1
1673 1718 1
1674 1675 1
1674 1719 1
1675 1676 1
1675 1720 1
1676 1677 1
1676 1721 1
1677 1678 1
1677 1722 1
1678 1679 1
1678 1723 1
1679 1680 1
1679 1724 1
1680 1681 1
1680 1725 1
1681 1682 1
1681 1726 1
1682 1683 1
1682 1727 1
1683 1684 1
1683 1728 1
1684 1685 1
1684 1729 1
1685 1686 1
1685 1730 1
1686 1687 1
1686 1731 1
1687 1688 1
1687 1732 1
1688 1689 1
1688 1733 1
1689 1690 1
1689 1734 1
1690 1691 1
1690 1735 1
1691 1692 1
1691 1736 1
1692 1693 1
1692 1737 1
1693 1694 1
1693 1738 1
1694 1695 1
1694 1739 1
1695 1696 1
1695 1740 1
1696 1697 1
1696 1741 1
1697 1698 1
1697 1742 1
1698 1699 1
1698 1743 1
1699 1700 1
1699 1744 1
1700 1701 1
1700 1745 1
1701 1702 1
1701 1746 1
1702 1703 1
1702 1747 1
1703 1704 1
1703 1748 1
1704 1705 1
1704 1749 1
1705 1706 1
1705 1750 1
1706 1707 1
1706 1751 1
1707 1708 1
1707 1752 1
1708 1709 1
1708 1753 1
1709 1710 1
1709 1754 1
1710 1755 1
1711 1712 1
1711 1756 1
1712 1713 1
1712 1757 1
1713 1714 1
1713 1758 1
1714 1715 1
1714 1759 1
1715 1716 1
1715 1760 1
1716 1717 1
1716 1761 1
1717 1718 1
1717 1762 1
1718 1719 1
1718 1763 1
1719 1720 1
1719 1764 1
1720 1721 1
1720 1765 1
1721 1722 1
1721 1766 1
1722 1723 1
1722 1767 1
1723 1724 1
1723 1768 1
1724 1725 1
1724 1769 1
1725 1726 1
1725 1770 1
1726 1727 1
1726 1771 1
1727 1728 1
1727 1772 1
1728 1729 1
1728 1773 1
1729 1730 1
1729 1774 1
1730 1731 1
1730 1775 1
1731 1732 1
1731 1776 1
1732 1733 1
1732 1777 1
1733 1734 1
1733 1778 1
1734 1735 1
1734 1779 1
1735 1736 1
1735 1780 1
1736 1737 1
1736 1781 1
1737 1738 1
1737 1782 1
1738 1739 1
1738 1783 1
1739 1740 1
1739 1784 1
1740 1741 1
1740 1785 1
1741 1742 1
1741 1786 1
1742 1743 1
1742 1787 1
1743 1744 1
1743 1788 1
1744 1745 1
1744 1789 1
1745 1746 1
1745 1790 1
1746 1747 1
1746 1791 1
1747 1748 1
1747 1792 1
1748 1749 1
1748 1793 1
1749 1750 1
1749 1794 1
1750 1751 1
1750 1795 1
1751 1752 1
1751 1796 1
1752 1753 1
1752 1797 1
1753 1754 1
1753 1798 1
1754 1755 1
1754 1799 1
1755 1800 1
1756 1757 1
1756 1801 1
1757 1758 1
1757 1802 1
1758 1759 1
1758 1803 1
1759 1760 1
1759 1804 1
1760 1761 1
1760 1805 1
1761 1762 1
1761 1806 1
1762 1763 1
1762 1807 1
1763 1764 1
1763 1808 1
1764 1765 1
1764 1809 1
1765 1766 1
1765 1810 1
1766 1767 1
1766 1811 1
1767 1768 1
1767 1812 1
1768 1769 1
1768 1813 1
1769 1770 1
1769 1814 1
1770 1771 1
1770 1815 1
1771 1772 1
1771 1816 1
1772 1773 1
1772 1817 1
1773 1774 1
1773 1818 1
1774 1775 1
1774 1819 1
1775 1776 1
1775 1820 1
1776 1777 1
1776 1821 1
1777 1778 1
1777 1822 1
1778 1779 1
1778 1823 1
1779 1780 1
1779 1824 1
1780 1781 1
1780 1825 1
1781 1782 1
1781 1826 1
1782 1783 1
1782 1827 1
1783 1784 1
1783 1828 1
1784 1785 1
1784 1829 1
1785 1786 1
1785 1830 1
1786 1787 1
1786 1831 1
1787 1788 1
1787 1832 1
1788 1789 1
1788 1833 1
1789 1790 1
1789 1834 1
1790 1791 1
1790 1835 1
1791 1792 1
1791 1836 1
1792 1793 1
1792 1837 1
1793 1794 1
1793 1838 1
1794 1795 1
1794 1839 1
1795 1796 1
1795 1840 1
1796 1797 1
1796 1841 1
1797 1798 1
1797 1842 1
1798 1799 1
1798 1843 1
1799 1800 1
1799 1844 1
1800 1845 1
1801 1802 1
1801 1846 1
1802 1803 1
1802 1847 1
1803 1804 1
1803 1848 1
1804 1805 1
1804 1849 1
1805 1806 1
1805 1850 1
1806 1807 1
1806 1851 1
1807 1808 1
1807 1852 1
1808 1809 1
1808 1853 1
1809 1810 1
1809 1854 1
1810 1811 1
1810 1855 1
1811 1812 1
1811 1856 1
1812 1813 1
1812 1857 1
1813 1814 1
1813 1858 1
1814 1815 1
1814 1859 1
1815 1816 1
1815 1860 1
1816 1817 1
1816 1861 1
1817 1818 1
1817 1862 1
1818 1819 1
1818 1863 1
1819 1820 1
1819 1864 1
1820 1821 1
1820 1865 1
1821 1822 1
1821 1866 1
1822 1823 1
1822 1867 1
1823 1824 1
1823 1868 1
1824 1825 1
1824 1869 1
1825 1826 1
1825 1870 1
1826 1827 1
1826 1871 1
1827 1828 1
1827 1872 1
1828 1829 1
1828 1873 1
1829 1830 1
1829 1874 1
1830 1831 1
1830 1875 1
1831 1832 1
1831 1876 1
1832 1833 1
1832 1877 1
1833 1834 1
1833 1878 1
1834 1835 1
1834 1879 1
1835 1836 1
1835 1880 1
1836 1837 1
1836 1881 1
1837 1838 1
1837 1882 1
1838 1839 1
1838 1883 1
1839 1840 1
1839 1884 1
1840 1841 1
1840 1885 1
1841 1842 1
1841 1886 1
1842 1843 1
1842 1887 1
1843 1844 1
1843 1888 1
1844 1845 1
1844 1889 1
1845 1890 1
1846 1847 1
1846 1891 1
1847 1848 1
1847 1892 1
1848 1849 1
1848 1893 1
1849 1850 1
1849 1894 1
1850 1851 1
1850 1895 1
1851 1852 1
1851 1896 1
1852 1853 1
1852 1897 1
1853 1854 1
1853 1898 1
1854 1855 1
1854 1899 1
1855 1856 1
1855 1900 1
1856 1857 1
1856 1901 1
1857 1858 1
1857 1902 1
1858 1859 1
1858 1903 1
1859 1860 1
1859 1904 1
1860 1861 1
1860 1905 1
1861 1862 1
1861 1906 1
1862 1863 1
1862 1907 1
1863 1864 1
1863 1908 1
1864 1865 1
1864 1909 1
1865 1866 1
1865 1910 1
1866 1867 1
1866 1911 1
1867 1868 1
1867 1912 1
1868 1869 1
1868 1913 1
1869 1870 1
1869 1914 1
1870 1871 1
1870 1915 1
1871 1872 1
1871 1916 1
1872 1873 1
1872 1917 1
1873 1874 1
1873 1918 1
1874 1875 1
1874 1919 1
1875 1876 1
1875 1920 1
1876 1877 1
1876 1921 1
1877 1878 1
1877 1922 1
1878 1879 1
1878 1923 1
1879 1880 1
1879 1924 1
1880 1881 1
1880 1925 1
1881 1882 1
1881 1926 1
1882 1883 1
1882 1927 1
1883 1884 1
1883 1928 1
1884 1885 1
1884 1929 1
1885 1886 1
1885 1930 1
1886 1887 1
1886 1931 1
1887 1888 1
1887 1932 1
1888 1889 1
1888 1933 1
1889 1890 1
1889 1934 1
1890 1935 1
1891 1892 1
1891 1936 1
1892 1893 1
1892 1937 1
1893 1894 1
1893 1938 1
1894 1895 1
1894 1939 1
1895 1896 1
1895 1940 1
1896 1897 1
1896 1941 1
1897 1898 1
1897 1942 1
1898 1899 1
1898 1943 1
1899 1900 1
1899 1944 1
1900 1901 1
1900 1945 1
1901 1902 1
1901 1946 1
1902 1903 1
1902 1947 1
1903 1904 1
1903 1948 1
1904 1905 1
1904 1949 1
1905 1906 1
1905 1950 1
1906 1907 1
1906 1951 1
1907 1908 1
1907 1952 1
1908 1909 1
1908 1953 1
1909 1910 1
1909 1954 1
1910 1911 1
1910 1955 1
1911 1912 1
1911 1956 1
1912 1913 1
1912 1957 1
1913 1914 1
1913 1958 1
1914 1915 1
1914 1959 1
1915 1916 1
1915 1960 1
1916 1917 1
1916 1961 1
1917 1918 1
1917 1962 1
1918 1919 1
1918 1963 1
1919 1920 1
1919 1964 1
1920 1921 1
1920 1965 1
1921 1922 1
1921 1966 1
1922 1923 1
1922 1967 1
1923 1924 1
1923 1968 1
1924 1925 1
1924 1969 1
1925 1926 1
1925 1970 1
1926 1927 1
1926 1971 1
1927 1928 1
1927 1972 1
1928 1929 1
1928 1973 1
1929 1930 1
1929 1974 1
1930 1931 1
1930 1975 1
1931 1932 1
1931 1976 1
1932 1933 1
1932 1977 1
1933 1934 1
1933 1978 1
1934 1935 1
1934 1979 1
1935 1980 1
1936 1937 1
1936 1981 1
1937 1938 1
1937 1982 1
1938 1939 1
1938 1983 1
1939 1940 1
1939 1984 1
1940 1941 1
1940 1985 1
1941 1942 1
1941 1986 1
1942 1943 1
1942 1987 1
1943 1944 1
1943 1988 1
1944 1945 1
1944 1989 1
1945 1946 1
1945 1990 1
1946 1947 1
1946 1991 1
1947 1948 1
1947 1992 1
1948 1949 1
1948 1993 1
1949 1950 1
1949 1994 1
1950 1951 1
1950 1995 1
1951 1952 1
1951 1996 1
1952 1953 1
1952 1997 1
1953 1954 1
1953 1998 1
1954 1955 1
1954 1999 1
1955 1956 1
1955 2000 1
1956 1957 1
1956 2001 1
1957 1958 1
1957 2002 1
1958 1959 1
1958 2003 1
1959 1960 1
1959 2004 1
1960 1961 1
1960 2005 1
1961 1962 1
1961 2006 1
1962 1963 1
1962 2007 1
1963 1964 1
1963 2008 1
1964 1965 1
1964 2009 1
1965 1966 1
1965 2010 1
1966 1967 1
1966 2011 1
1967 1968 1
1967 2012 1
1968 1969 1
1968 2013 1
1969 1970 1
1969 2014 1
1970 1971 1
1970 2015 1
1971 1972 1
1971 2016 1
1972 1973 1
1972 2017 1
1973 1974 1
1973 2018 1
1974 1975 1
1974 2019 1
1975 1976 1
1975 2020 1
1976 1977 1
1976 2021 1
1977 1978 1
1977 2022 1
1978 1979 1
1978 2023 1
1979 1980 1
1979 2024 1
1980 2025 1
1981 1982 1
1982 1983 1
1983 1984 1
1984 1985 1
1985 1986 1
1986 1987 1
1987 1988 1
1988 1989 1
1989 1990 1
1990 1991 1
1991 1992 1
1992 1993 1
1993 1994 1
1994 1995 1
1995 1996 1
1996 1997 1
1997 1998 1
1998 1999 1
1999 2000 1
2000 2001 1
2001 2002 1
2002 2003 1
2003 2004 1
2004 2005 1
2005 2006 1
2006 2007 1
2007 2008 1
2008 2009 1
2009 2010 1
2010 2011 1
2011 2012 1
2012 2013 1
2013 2014 1
2014 2015 1
2015 2016 1
2016 2017 1
2017 2018 1
2018 2019 1
2019 2020 1
2020 2021 1
2021 2022 1
2022 2023 1
2023 2024 1
2024 2025 1
