2916 1
1 2 1
1 55 1
2 3 1
2 56 1
3 4 1
3 57 1
4 5 1
4 58 1
5 6 1
5 59 1
6 7 1
6 60 1
7 8 1
7 61 1
8 9 1
8 62 1
9 10 1
9 63 1
10 11 1
10 64 1
11 12 1
11 65 1
12 13 1
12 66 1
13 14 1
13 67 1
14 15 1
14 68 1
15 16 1
15 69 1
16 17 1
16 70 1
17 18 1
17 71 1
18 19 1
18 72 1
19 20 1
19 73 1
20 21 1
20 74 1
21 22 1
21 75 1
22 23 1
22 76 1
23 24 1
23 77 1
24 25 1
24 78 1
25 26 1
25 79 1
26 27 1
26 80 1
27 28 1
27 81 1
28 29 1
28 82 1
29 30 1
29 83 1
30 31 1
30 84 1
31 32 1
31 85 1
32 33 1
32 86 1
33 34 1
33 87 1
34 35 1
34 88 1
35 36 1
35 89 1
36 37 1
36 90 1
37 38 1
37 91 1
38 39 1
38 92 1
39 40 1
39 93 1
40 41 1
40 94 1
41 42 1
41 95 1
42 43 1
42 96 1
43 44 1
43 97 1
44 45 1
44 98 1
45 46 1
45 99 1
46 47 1
46 100 1
47 48 1
47 101 1
48 49 1
48 102 1
49 50 1
49 103 1
50 51 1
50 104 1
51 52 1
51 105 1
52 53 1
52 106 1
53 54 1
53 107 1
54 108 1
55 56 1
55 109 1
56 57 1
56 110 1
57 58 1
57 111 1
58 59 1
58 112 1
59 60 1
59 113 1
60 61 1
60 114 1
61 62 1
61 115 1
62 63 1
62 116 1
63 64 1
63 117 1
64 65 1
64 118 1
65 66 1
65 119 1
66 67 1
66 120 1
67 68 1
67 121 1
68 69 1
68 122 1
69 70 1
69 123 1
70 71 1
70 124 1
71 72 1
71 125 1
72 73 1
72 126 1
73 74 1
73 127 1
74 75 1
74 128 1
75 76 1
75 129 1
76 77 1
76 130 1
77 78 1
77 131 1
78 79 1
78 132 1
79 80 1
79 133 1
80 81 1
80 134 1
81 82 1
81 135 1
82 83 1
82 136 1
83 84 1
83 137 1
84 85 1
84 138 1
85 86 1
85 139 1
86 87 1
86 140 1
87 88 1
87 141 1
88 89 1
88 142 1
89 90 1
89 143 1
90 91 1
90 144 1
91 92 1
91 145 1
92 93 1
92 146 1
93 94 1
93 147 1
94 95 1
94 148 1
95 96 1
95 149 1
96 97 1
96 150 1
97 98 1
97 151 1
98 99 1
98 152 1
99 100 1
99 153 1
100 101 1
100 154 1
101 102 1
101 155 1
102 103 1
102 156 1
103 104 1
103 157 1
104 105 1
104 158 1
105 106 1
105 159 1
106 107 1
106 160 1
107 108 1
107 161 1
108 162 1
109 110 1
109 163 1
110 111 1
110 164 1
111 112 1
111 165 1
112 113 1
112 166 1
113 114 1
113 167 1
114 115 1
114 168 1
115 116 1
115 169 1
116 117 1
116 170 1
117 118 1
117 171 1
118 119 1
118 172 1
119 120 1
119 173 1
120 121 1
120 174 1
121 122 1
121 175 1
122 123 1
122 176 1
123 124 1
123 177 1
124 125 1
124 178 1
125 126 1
125 179 1
126 127 1
126 180 1
127 128 1
127 181 1
128 129 1
128 182 1
129 130 1
129 183 1
130 131 1
130 184 1
131 132 1
131 185 1
132 133 1
132 186 1
133 134 1
133 187 1
134 135 1
134 188 1
135 136 1
135 189 1
136 137 1
136 190 1
137 138 1
137 191 1
138 139 1
138 192 1
139 140 1
139 193 1
140 141 1
140 194 1
141 142 1
141 195 1
142 143 1
142 196 1
143 144 1
143 197 1
144 145 1
144 198 1
145 146 1
145 199 1
146 147 1
146 200 1
147 148 1
147 201 1
148 149 1
148 202 1
149 150 1
149 203 1
150 151 1
150 204 1
151 152 1
151 205 1
152 153 1
152 206 1
153 154 1
153 207 1
154 155 1
154 208 1
155 156 1
155 209 1
156 157 1
156 210 1
157 158 1
157 211 1
158 159 1
158 212 1
159 160 1
159 213 1
160 161 1
160 214 1
161 162 1
161 215 1
162 216 1
163 164 1
163 217 1
164 165 1
164 218 1
165 166 1
165 219 1
166 167 1
166 220 1
167 168 1
167 221 1
168 169 1
168 222 1
169 170 1
169 223 1
170 171 1
170 224 1
171 172 1
171 225 1
172 173 1
172 226 1
173 174 1
173 227 1
174 175 1
174 228 1
175 176 1
175 229 1
176 177 1
176 230 1
177 178 1
177 231 1
178 179 1
178 232 1
179 180 1
179 233 1
180 181 1
180 234 1
181 182 1
181 235 1
182 183 1
182 236 1
183 184 1
183 237 1
184 185 1
184 238 1
185 186 1
185 239 1
186 187 1
186 240 1
187 188 1
187 241 1
188 189 1
188 242 1
189 190 1
189 243 1
190 191 1
190 244 1
191 192 1
191 245 1
192 193 1
192 246 1
193 194 1
193 247 1
194 195 1
194 248 1
195 196 1
195 249 1
196 197 1
196 250 1
197 198 1
197 251 1
198 199 1
198 252 1
199 200 1
199 253 1
200 201 1
200 254 1
201 202 1
201 255 1
202 203 1
202 256 1
203 204 1
203 257 1
204 205 1
204 258 1
205 206 1
205 259 1
206 207 1
206 260 1
207 208 1
207 261 1
208 209 1
208 262 1
209 210 1
209 263 1
210 211 1
210 264 1
211 212 1
211 265 1
212 213 1
212 266 1
213 214 1
213 267 1
214 215 1
214 268 1
215 216 1
215 269 1
216 270 1
217 218 1
217 271 1
218 219 1
218 272 1
219 220 1
219 273 1
220 221 1
220 274 1
221 222 1
221 275 1
222 223 1
222 276 1
223 224 1
223 277 1
224 225 1
224 278 1
225 226 1
225 279 1
226 227 1
226 280 1
227 228 1
227 281 1
228 229 1
228 282 1
229 230 1
229 283 1
230 231 1
230 284 1
231 232 1
231 285 1
232 233 1
232 286 1
233 234 1
233 287 1
234 235 1
234 288 1
235 236 1
235 289 1
236 237 1
236 290 1
237 238 1
237 291 1
238 239 1
238 292 1
239 240 1
239 293 1
240 241 1
240 294 1
241 242 1
241 295 1
242 243 1
242 296 1
243 244 1
243 297 1
244 245 1
244 298 1
245 246 1
245 299 1
246 247 1
246 300 1
247 248 1
247 301 1
248 249 1
248 302 1
249 250 1
249 303 1
250 251 1
250 304 1
251 252 1
251 305 1
252 253 1
252 306 1
253 254 1
253 307 1
254 255 1
254 308 1
255 256 1
255 309 1
256 257 1
256 310 1
257 258 1
257 311 1
258 259 1
258 312 1
259 260 1
259 313 1
260 261 1
260 314 1
261 262 1
261 315 1
262 263 1
262 316 1
263 264 1
263 317 1
264 265 1
264 318 1
265 266 1
265 319 1
266 267 1
266 320 1
267 268 1
267 321 1
268 269 1
268 322 1
269 270 1
269 323 1
270 324 1
271 272 1
271 325 1
272 273 1
272 326 1
273 274 1
273 327 1
274 275 1
274 328 1
275 276 1
275 329 1
276 277 1
276 330 1
277 278 1
277 331 1
278 279 1
278 332 1
279 280 1
279 333 1
280 281 1
280 334 1
281 282 1
281 335 1
282 283 1
282 336 1
283 284 1
283 337 1
284 285 1
284 338 1
285 286 1
285 339 1
286 287 1
286 340 1
287 288 1
287 341 1
288 289 1
288 342 1
289 290 1
289 343 1
290 291 1
290 344 1
291 292 1
291 345 1
292 293 1
292 346 1
293 294 1
293 347 1
294 295 1
294 348 1
295 296 1
295 349 1
296 297 1
296 350 1
297 298 1
297 351 1
298 299 1
298 352 1
299 300 1
299 353 1
300 301 1
300 354 1
301 302 1
301 355 1
302 303 1
302 356 1
303 304 1
303 357 1
304 305 1
304 358 1
305 306 1
305 359 1
306 307 1
306 360 1
307 308 1
307 361 1
308 309 1
308 362 1
309 310 1
309 363 1
310 311 1
310 364 1
311 312 1
311 365 1
312 313 1
312 366 1
313 314 1
313 367 1
314 315 1
314 368 1
315 316 1
315 369 1
316 317 1
316 370 1
317 318 1
317 371 1
318 319 1
318 372 1
319 320 1
319 373 1
320 321 1
320 374 1
321 322 1
321 375 1
322 323 1
322 376 1
323 324 1
323 377 1
324 378 1
325 326 1
325 379 1
326 327 1
326 380 1
327 328 1
327 381 1
328 329 1
328 382 1
329 330 1
329 383 1
330 331 1
330 384 1
331 332 1
331 385 1
332 333 1
332 386 1
333 334 1
333 387 1
334 335 1
334 388 1
335 336 1
335 389 1
336 337 1
336 390 1
337 338 1
337 391 1
338 339 1
338 392 1
339 340 1
339 393 1
340 341 1
340 394 1
341 342 1
341 395 1
342 343 1
342 396 1
343 344 1
343 397 1
344 345 1
344 398 1
345 346 1
345 399 1
346 347 1
346 400 1
347 348 1
347 401 1
348 349 1
348 402 1
349 350 1
349 403 1
350 351 1
350 404 1
351 352 1
351 405 1
352 353 1
352 406 1
353 354 1
353 407 1
354 355 1
354 408 1
355 356 1
355 409 1
356 357 1
356 410 1
357 358 1
357 411 1
358 359 1
358 412 1
359 360 1
359 413 1
360 361 1
360 414 1
361 362 1
361 415 1
362 363 1
362 416 1
363 364 1
363 417 1
364 365 1
364 418 1
365 366 1
365 419 1
366 367 1
366 420 1
367 368 1
367 421 1
368 369 1
368 422 1
369 370 1
369 423 1
370 371 1
370 424 1
371 372 1
371 425 1
372 373 1
372 426 1
373 374 1
373 427 1
374 375 1
374 428 1
375 376 1
375 429 1
376 377 1
376 430 1
377 378 1
377 431 1
378 432 1
379 380 1
379 433 1
380 381 1
380 434 1
381 382 1
381 435 1
382 383 1
382 436 1
383 384 1
383 437 1
384 385 1
384 438 1
385 386 1
385 439 1
386 387 1
386 440 1
387 388 1
387 441 1
388 389 1
388 442 1
389 390 1
389 443 1
390 391 1
390 444 1
391 392 1
391 445 1
392 393 1
392 446 1
393 394 1
393 447 1
394 395 1
394 448 1
395 396 1
395 449 1
396 397 1
396 450 1
397 398 1
397 451 1
398 399 1
398 452 1
399 400 1
399 453 1
400 401 1
400 454 1
401 402 1
401 455 1
402 403 1
402 456 1
403 404 1
403 457 1
404 405 1
404 458 1
405 406 1
405 459 1
406 407 1
406 460 1
407 408 1
407 461 1
408 409 1
408 462 1
409 410 1
409 463 1
410 411 1
410 464 1
411 412 1
411 465 1
412 413 1
412 466 1
413 414 1
413 467 1
414 415 1
414 468 1
415 416 1
415 469 1
416 417 1
416 470 1
417 418 1
417 471 1
418 419 1
418 472 1
419 420 1
419 473 1
420 421 1
420 474 1
421 422 1
421 475 1
422 423 1
422 476 1
423 424 1
423 477 1
424 425 1
424 478 1
425 426 1
425 479 1
426 427 1
426 480 1
427 428 1
427 481 1
428 429 1
428 482 1
429 430 1
429 483 1
430 431 1
430 484 1
431 432 1
431 485 1
432 486 1
433 434 1
433 487 1
434 435 1
434 488 1
435 436 1
435 489 1
436 437 1
436 490 1
437 438 1
437 491 1
438 439 1
438 492 1
439 440 1
439 493 1
440 441 1
440 494 1
441 442 1
441 495 1
442 443 1
442 496 1
443 444 1
443 497 1
444 445 1
444 498 1
445 446 1
445 499 1
446 447 1
446 500 1
447 448 1
447 501 1
448 449 1
448 502 1
449 450 1
449 503 1
450 451 1
450 504 1
451 452 1
451 505 1
452 453 1
452 506 1
453 454 1
453 507 1
454 455 1
454 508 1
455 456 1
455 509 1
456 457 1
456 510 1
457 458 1
457 511 1
458 459 1
458 512 1
459 460 1
459 513 1
460 461 1
460 514 1
461 462 1
461 515 1
462 463 1
462 516 1
463 464 1
463 517 1
464 465 1
464 518 1
465 466 1
465 519 1
466 467 1
466 520 1
467 468 1
467 521 1
468 469 1
468 522 1
469 470 1
469 523 1
470 471 1
470 524 1
471 472 1
471 525 1
472 473 1
472 526 1
473 474 1
473 527 1
474 475 1
474 528 1
475 476 1
475 529 1
476 477 1
476 530 1
477 478 1
477 531 1
478 479 1
478 532 1
479 480 1
479 533 1
480 481 1
480 534 1
481 482 1
481 535 1
482 483 1
482 536 1
483 484 1
483 537 1
484 485 1
484 538 1
485 486 1
485 539 1
486 540 1
487 488 1
487 541 1
488 489 1
488 542 1
489 490 1
489 543 1
490 491 1
490 544 1
491 492 1
491 545 1
492 493 1
492 546 1
493 494 1
493 547 1
494 495 1
494 548 1
495 496 1
495 549 1
496 497 1
496 550 1
497 498 1
497 551 1
498 499 1
498 552 1
499 500 1
499 553 1
500 501 1
500 554 1
501 502 1
501 555 1
502 503 1
502 556 1
503 504 1
503 557 1
504 505 1
504 558 1
505 506 1
505 559 1
506 507 1
506 560 1
507 508 1
507 561 1
508 509 1
508 562 1
509 510 1
509 563 1
510 511 1
510 564 1
511 512 1
511 565 1
512 513 1
512 566 1
513 514 1
513 567 1
514 515 1
514 568 1
515 516 1
515 569 1
516 517 1
516 570 1
517 518 1
517 571 1
518 519 1
518 572 1
519 520 1
519 573 1
520 521 1
520 574 1
521 522 1
521 575 1
522 523 1
522 576 1
523 524 1
523 577 1
524 525 1
524 578 1
525 526 1
525 579 1
526 527 1
526 580 1
527 528 1
527 581 1
528 529 1
528 582 1
529 530 1
529 583 1
530 531 1
530 584 1
531 532 1
531 585 1
532 533 1
532 586 1
533 534 1
533 587 1
534 535 1
534 588 1
535 536 1
535 589 1
536 537 1
536 590 1
537 538 1
537 591 1
538 539 1
538 592 1
539 540 1
539 593 1
540 594 1
541 542 1
541 595 1
542 543 1
542 596 1
543 544 1
543 597 1
544 545 1
544 598 1
545 546 1
545 599 1
546 547 1
546 600 1
547 548 1
547 601 1
548 549 1
548 602 1
549 550 1
549 603 1
550 551 1
550 604 1
551 552 1
551 605 1
552 553 1
552 606 1
553 554 1
553 607 1
554 555 1
554 608 1
555 556 1
555 609 1
556 557 1
556 610 1
557 558 1
557 611 1
558 559 1
558 612 1
559 560 1
559 613 1
560 561 1
560 614 1
561 562 1
561 615 1
562 563 1
562 616 1
563 564 1
563 617 1
564 565 1
564 618 1
565 566 1
565 619 1
566 567 1
566 620 1
567 568 1
567 621 1
568 569 1
568 622 1
569 570 1
569 623 1
570 571 1
570 624 1
571 572 1
571 625 1
572 573 1
572 626 1
573 574 1
573 627 1
574 575 1
574 628 1
575 576 1
575 629 1
576 577 1
576 630 1
577 578 1
577 631 1
578 579 1
578 632 1
579 580 1
579 633 1
580 581 1
580 634 1
581 582 1
581 635 1
582 583 1
582 636 1
583 584 1
583 637 1
584 585 1
584 638 1
585 586 1
585 639 1
586 587 1
586 640 1
587 588 1
587 641 1
588 589 1
588 642 1
589 590 1
589 643 1
590 591 1
590 644 1
591 592 1
591 645 1
592 593 1
592 646 1
593 594 1
593 647 1
594 648 1
595 596 1
595 649 1
596 597 1
596 650 1
597 598 1
597 651 1
598 599 1
598 652 1
599 600 1
599 653 1
600 601 1
600 654 1
601 602 1
601 655 1
602 603 1
602 656 1
603 604 1
603 657 1
604 605 1
604 658 1
605 606 1
605 659 1
606 607 1
606 660 1
607 608 1
607 661 1
608 609 1
608 662 1
609 610 1
609 663 1
610 611 1
610 664 1
611 612 1
611 665 1
612 613 1
612 666 1
613 614 1
613 667 1
614 615 1
614 668 1
615 616 1
615 669 1
616 617 1
616 670 1
617 618 1
617 671 1
618 619 1
618 672 1
619 620 1
619 673 1
620 621 1
620 674 1
621 622 1
621 675 1
622 623 1
622 676 1
623 624 1
623 677 1
624 625 1
624 678 1
625 626 1
625 679 1
626 627 1
626 680 1
627 628 1
627 681 1
628 629 1
628 682 1
629 630 1
629 683 1
630 631 1
630 684 1
631 632 1
631 685 1
632 633 1
632 686 1
633 634 1
633 687 1
634 635 1
634 688 1
635 636 1
635 689 1
636 637 1
636 690 1
637 638 1
637 691 1
638 639 1
638 692 1
639 640 1
639 693 1
640 641 1
640 694 1
641 642 1
641 695 1
642 643 1
642 696 1
643 644 1
643 697 1
644 645 1
644 698 1
645 646 1
645 699 1
646 647 1
646 700 1
647 648 1
647 701 1
648 702 1
649 650 1
649 703 1
650 651 1
650 704 1
651 652 1
651 705 1
652 653 1
652 706 1
653 654 1
653 707 1
654 655 1
654 708 1
655 656 1
655 709 1
656 657 1
656 710 1
657 658 1
657 711 1
658 659 1
658 712 1
659 660 1
659 713 1
660 661 1
660 714 1
661 662 1
661 715 1
662 663 1
662 716 1
663 664 1
663 717 1
664 665 1
664 718 1
665 666 1
665 719 1
666 667 1
666 720 1
667 668 1
667 721 1
668 669 1
668 722 1
669 670 1
669 723 1
670 671 1
670 724 1
671 672 1
671 725 1
672 673 1
672 726 1
673 674 1
673 727 1
674 675 1
674 728 1
675 676 1
675 729 1
676 677 1
676 730 1
677 678 1
677 731 1
678 679 1
678 732 1
679 680 1
679 733 1
680 681 1
680 734 1
681 682 1
681 735 1
682 683 1
682 736 1
683 684 1
683 737 1
684 685 1
684 738 1
685 686 1
685 739 1
686 687 1
686 740 1
687 688 1
687 741 1
688 689 1
688 742 1
689 690 1
689 743 1
690 691 1
690 744 1
691 692 1
691 745 1
692 693 1
692 746 1
693 694 1
693 747 1
694 695 1
694 748 1
695 696 1
695 749 1
696 697 1
696 750 1
697 698 1
697 751 1
698 699 1
698 752 1
699 700 1
699 753 1
700 701 1
700 754 1
701 702 1
701 755 1
702 756 1
703 704 1
703 757 1
704 705 1
704 758 1
705 706 1
705 759 1
706 707 1
706 760 1
707 708 1
707 761 1
708 709 1
708 762 1
709 710 1
709 763 1
710 711 1
710 764 1
711 712 1
711 765 1
712 713 1
712 766 1
713 714 1
713 767 1
714 715 1
714 768 1
715 716 1
715 769 1
716 717 1
716 770 1
717 718 1
717 771 1
718 719 1
718 772 1
719 720 1
719 773 1
720 721 1
720 774 1
721 722 1
721 775 1
722 723 1
722 776 1
723 724 1
723 777 1
724 725 1
724 778 1
725 726 1
725 779 1
726 727 1
726 780 1
727 728 1
727 781 1
728 729 1
728 782 1
729 730 1
729 783 1
730 731 1
730 784 1
731 732 1
731 785 1
732 733 1
732 786 1
733 734 1
733 787 1
734 735 1
734 788 1
735 736 1
735 789 1
736 737 1
736 790 1
737 738 1
737 791 1
738 739 1
738 792 1
739 740 1
739 793 1
740 741 1
740 794 1
741 742 1
741 795 1
742 743 1
742 796 1
743 744 1
743 797 1
744 745 1
744 798 1
745 746 1
745 799 1
746 747 1
746 800 1
747 748 1
747 801 1
748 749 1
748 802 1
749 750 1
749 803 1
750 751 1
750 804 1
751 752 1
751 805 1
752 753 1
752 806 1
753 754 1
753 807 1
754 755 1
754 808 1
755 756 1
755 809 1
756 810 1
757 758 1
757 811 1
758 759 1
758 812 1
759 760 1
759 813 1
760 761 1
760 814 1
761 762 1
761 815 1
762 763 1
762 816 1
763 764 1
763 817 1
764 765 1
764 818 1
765 766 1
765 819 1
766 767 1
766 820 1
767 768 1
767 821 1
768 769 1
768 822 1
769 770 1
769 823 1
770 771 1
770 824 1
771 772 1
771 825 1
772 773 1
772 826 1
773 774 1
773 827 1
774 775 1
774 828 1
775 776 1
775 829 1
776 777 1
776 830 1
777 778 1
777 831 1
778 779 1
778 832 1
779 780 1
779 833 1
780 781 1
780 834 1
781 782 1
781 835 1
782 783 1
782 836 1
783 784 1
783 837 1
784 785 1
784 838 1
785 786 1
785 839 1
786 787 1
786 840 1
787 788 1
787 841 1
788 789 1
788 842 1
789 790 1
789 843 1
790 791 1
790 844 1
791 792 1
791 845 1
792 793 1
792 846 1
793 794 1
793 847 1
794 795 1
794 848 1
795 796 1
795 849 1
796 797 1
796 850 1
797 798 1
797 851 1
798 799 1
798 852 1
799 800 1
799 853 1
800 801 1
800 854 1
801 802 1
801 855 1
802 803 1
802 856 1
803 804 1
803 857 1
804 805 1
804 858 1
805 806 1
805 859 1
806 807 1
806 860 1
807 808 1
807 861 1
808 809 1
808 862 1
809 810 1
809 863 1
810 864 1
811 812 1
811 865 1
812 813 1
812 866 1
813 814 1
813 867 1
814 815 1
814 868 1
815 816 1
815 869 1
816 817 1
816 870 1
817 818 1
817 871 1
818 819 1
818 872 1
819 820 1
819 873 1
820 821 1
820 874 1
821 822 1
821 875 1
822 823 1
822 876 1
823 824 1
823 877 1
824 825 1
824 878 1
825 826 1
825 879 1
826 827 1
826 880 1
827 828 1
827 881 1
828 829 1
828 882 1
829 830 1
829 883 1
830 831 1
830 884 1
831 832 1
831 885 1
832 833 1
832 886 1
833 834 1
833 887 1
834 835 1
834 888 1
835 836 1
835 889 1
836 837 1
836 890 1
837 838 1
837 891 1
838 839 1
838 892 1
839 840 1
839 893 1
840 841 1
840 894 1
841 842 1
841 895 1
842 843 1
842 896 1
843 844 1
843 897 1
844 845 1
844 898 1
845 846 1
845 899 1
846 847 1
846 900 1
847 848 1
847 901 1
848 849 1
848 902 1
849 850 1
849 903 1
850 851 1
850 904 1
851 852 1
851 905 1
852 853 1
852 906 1
853 854 1
853 907 1
854 855 1
854 908 1
855 856 1
855 909 1
856 857 1
856 910 1
857 858 1
857 911 1
858 859 1
858 912 1
859 860 1
859 913 1
860 861 1
860 914 1
861 862 1
861 915 1
862 863 1
862 916 1
863 864 1
863 917 1
864 918 1
865 866 1
865 919 1
866 867 1
866 920 1
867 868 1
867 921 1
868 869 1
868 922 1
869 870 1
869 923 1
870 871 1
870 924 1
871 872 1
871 925 1
872 873 1
872 926 1
873 874 1
873 927 1
874 875 1
874 928 1
875 876 1
875 929 1
876 877 1
876 930 1
877 878 1
877 931 1
878 879 1
878 932 1
879 880 1
879 933 1
880 881 1
880 934 1
881 882 1
881 935 1
882 883 1
882 936 1
883 884 1
883 937 1
884 885 1
884 938 1
885 886 1
885 939 1
886 887 1
886 940 1
887 888 1
887 941 1
888 889 1
888 942 1
889 890 1
889 943 1
890 891 1
890 944 1
891 892 1
891 945 1
892 893 1
892 946 1
893 894 1
893 947 1
894 895 1
894 948 1
895 896 1
895 949 1
896 897 1
896 950 1
897 898 1
897 951 1
898 899 1
898 952 1
899 900 1
899 953 1
900 901 1
900 954 1
901 902 1
901 955 1
902 903 1
902 956 1
903 904 1
903 957 1
904 905 1
904 958 1
905 906 1
905 959 1
906 907 1
906 960 1
907 908 1
907 961 1
908 909 1
908 962 1
909 910 1
909 963 1
910 911 1
910 964 1
911 912 1
911 965 1
912 913 1
912 966 1
913 914 1
913 967 1
914 915 1
914 968 1
915 916 1
915 969 1
916 917 1
916 970 1
917 918 1
917 971 1
918 972 1
919 920 1
919 973 1
920 921 1
920 974 1
921 922 1
921 975 1
922 923 1
922 976 1
923 924 1
923 977 1
924 925 1
924 978 1
925 926 1
925 979 1
926 927 1
926 980 1
927 928 1
927 981 1
928 929 1
928 982 1
929 930 1
929 983 1
930 931 1
930 984 1
931 932 1
931 985 1
932 933 1
932 986 1
933 934 1
933 987 1
934 935 1
934 988 1
935 936 1
935 989 1
936 937 1
936 990 1
937 938 1
937 991 1
938 939 1
938 992 1
939 940 1
939 993 1
940 941 1
940 994 1
941 942 1
941 995 1
942 943 1
942 996 1
943 944 1
943 997 1
944 945 1
944 998 1
945 946 1
945 999 1
946 947 1
946 1000 1
947 948 1
947 1001 1
948 949 1
948 1002 1
949 950 1
949 1003 1
950 951 1
950 1004 1
951 952 1
951 1005 1
952 953 1
952 1006 1
953 954 1
953 1007 1
954 955 1
954 1008 1
955 956 1
955 1009 1
956 957 1
956 1010 1
957 958 1
957 1011 1
958 959 1
958 1012 1
959 960 1
959 1013 1
960 961 1
960 1014 1
961 962 1
961 1015 1
962 963 1
962 1016 1
963 964 1
963 1017 1
964 965 1
964 1018 1
965 966 1
965 1019 1
966 967 1
966 1020 1
967 968 1
967 1021 1
968 969 1
968 1022 1
969 970 1
969 1023 1
970 971 1
970 1024 1
971 972 1
971 1025 1
972 1026 1
973 974 1
973 1027 1
974 975 1
974 1028 1
975 976 1
975 1029 1
976 977 1
976 1030 1
977 978 1
977 1031 1
978 979 1
978 1032 1
979 980 1
979 1033 1
980 981 1
980 1034 1
981 982 1
981 1035 1
982 983 1
982 1036 1
983 984 1
983 1037 1
984 985 1
984 1038 1
985 986 1
985 1039 1
986 987 1
986 1040 1
987 988 1
987 1041 1
988 989 1
988 1042 1
989 990 1
989 1043 1
990 991 1
990 1044 1
991 992 1
991 1045 1
992 993 1
992 1046 1
993 994 1
993 1047 1
994 995 1
994 1048 1
995 996 1
995 1049 1
996 997 1
996 1050 1
997 998 1
997 1051 1
998 999 1
998 1052 1
999 1000 1
999 1053 1
1000 1001 1
1000 1054 1
1001 1002 1
1001 1055 1
1002 1003 1
1002 1056 1
1003 1004 1
1003 1057 1
1004 1005 1
1004 1058 1
1005 1006 1
1005 1059 1
1006 1007 1
1006 1060 1
1007 1008 1
1007 1061 1
1008 1009 1
1008 1062 1
1009 1010 1
1009 1063 1
1010 1011 1
1010 1064 1
1011 1012 1
1011 1065 1
1012 1013 1
1012 1066 1
1013 1014 1
1013 1067 1
1014 1015 1
1014 1068 1
1015 1016 1
1015 1069 1
1016 1017 1
1016 1070 1
1017 1018 1
1017 1071 1
1018 1019 1
1018 1072 1
1019 1020 1
1019 1073 1
1020 1021 1
1020 1074 1
1021 1022 1
1021 1075 1
1022 1023 1
1022 1076 1
1023 1024 1
1023 1077 1
1024 1025 1
1024 1078 1
1025 1026 1
1025 1079 1
1026 1080 1
1027 1028 1
1027 1081 1
1028 1029 1
1028 1082 1
1029 1030 1
1029 1083 1
1030 1031 1
1030 1084 1
1031 1032 1
1031 1085 1
1032 1033 1
1032 1086 1
1033 1034 1
1033 1087 1
1034 1035 1
1034 1088 1
1035 1036 1
1035 1089 1
1036 1037 1
1036 1090 1
1037 1038 1
1037 1091 1
1038 1039 1
1038 1092 1
1039 1040 1
1039 1093 1
1040 1041 1
1040 1094 1
1041 1042 1
1041 1095 1
1042 1043 1
1042 1096 1
1043 1044 1
1043 1097 1
1044 1045 1
1044 1098 1
1045 1046 1
1045 1099 1
1046 1047 1
1046 1100 1
1047 1048 1
1047 1101 1
1048 1049 1
1048 1102 1
1049 1050 1
1049 1103 1
1050 1051 1
1050 1104 1
1051 1052 1
1051 1105 1
1052 1053 1
1052 1106 1
1053 1054 1
1053 1107 1
1054 1055 1
1054 1108 1
1055 1056 1
1055 1109 1
1056 1057 1
1056 1110 1
1057 1058 1
1057 1111 1
1058 1059 1
1058 1112 1
1059 1060 1
1059 1113 1
1060 1061 1
1060 1114 1
1061 1062 1
1061 1115 1
1062 1063 1
1062 1116 1
1063 1064 1
1063 1117 1
1064 1065 1
1064 1118 1
1065 1066 1
1065 1119 1
1066 1067 1
1066 1120 1
1067 1068 1
1067 1121 1
1068 1069 1
1068 1122 1
1069 1070 1
1069 1123 1
1070 1071 1
1070 1124 1
1071 1072 1
1071 1125 1
1072 1073 1
1072 1126 1
1073 1074 1
1073 1127 1
1074 1075 1
1074 1128 1
1075 1076 1
1075 1129 1
1076 1077 1
1076 1130 1
1077 1078 1
1077 1131 1
1078 1079 1
1078 1132 1
1079 1080 1
1079 1133 1
1080 1134 1
1081 1082 1
1081 1135 1
1082 1083 1
1082 1136 1
1083 1084 1
1083 1137 1
1084 1085 1
1084 1138 1
1085 1086 1
1085 1139 1
1086 1087 1
1086 1140 1
1087 1088 1
1087 1141 1
1088 1089 1
1088 1142 1
1089 1090 1
1089 1143 1
1090 1091 1
1090 1144 1
1091 1092 1
1091 1145 1
1092 1093 1
1092 1146 1
1093 1094 1
1093 1147 1
1094 1095 1
1094 1148 1
1095 1096 1
1095 1149 1
1096 1097 1
1096 1150 1
1097 1098 1
1097 1151 1
1098 1099 1
1098 1152 1
1099 1100 1
1099 1153 1
1100 1101 1
1100 1154 1
1101 1102 1
1101 1155 1
1102 1103 1
1102 1156 1
1103 1104 1
1103 1157 1
1104 1105 1
1104 1158 1
1105 1106 1
1105 1159 1
1106 1107 1
1106 1160 1
1107 1108 1
1107 1161 1
1108 1109 1
1108 1162 1
1109 1110 1
1109 1163 1
1110 1111 1
1110 1164 1
1111 1112 1
1111 1165 1
1112 1113 1
1112 1166 1
1113 1114 1
1113 1167 1
1114 1115 1
1114 1168 1
1115 1116 1
1115 1169 1
1116 1117 1
1116 1170 1
1117 1118 1
1117 1171 1
1118 1119 1
1118 1172 1
1119 1120 1
1119 1173 1
1120 1121 1
1120 1174 1
1121 1122 1
1121 1175 1
1122 1123 1
1122 1176 1
1123 1124 1
1123 1177 1
1124 1125 1
1124 1178 1
1125 1126 1
1125 1179 1
1126 1127 1
1126 1180 1
1127 1128 1
1127 1181 1
1128 1129 1
1128 1182 1
1129 1130 1
1129 1183 1
1130 1131 1
1130 1184 1
1131 1132 1
1131 1185 1
1132 1133 1
1132 1186 1
1133 1134 1
1133 1187 1
1134 1188 1
1135 1136 1
1135 1189 1
1136 1137 1
1136 1190 1
1137 1138 1
1137 1191 1
1138 1139 1
1138 1192 1
1139 1140 1
1139 1193 1
1140 1141 1
1140 1194 1
1141 1142 1
1141 1195 1
1142 1143 1
1142 1196 1
1143 1144 1
1143 1197 1
1144 1145 1
1144 1198 1
1145 1146 1
1145 1199 1
1146 1147 1
1146 1200 1
1147 1148 1
1147 1201 1
1148 1149 1
1148 1202 1
1149 1150 1
1149 1203 1
1150 1151 1
1150 1204 1
1151 1152 1
1151 1205 1
1152 1153 1
1152 1206 1
1153 1154 1
1153 1207 1
1154 1155 1
1154 1208 1
1155 1156 1
1155 1209 1
1156 1157 1
1156 1210 1
1157 1158 1
1157 1211 1
1158 1159 1
1158 1212 1
1159 1160 1
1159 1213 1
1160 1161 1
1160 1214 1
1161 1162 1
1161 1215 1
1162 1163 1
1162 1216 1
1163 1164 1
1163 1217 1
1164 1165 1
1164 1218 1
1165 1166 1
1165 1219 1
1166 1167 1
1166 1220 1
1167 1168 1
1167 1221 1
1168 1169 1
1168 1222 1
1169 1170 1
1169 1223 1
1170 1171 1
1170 1224 1
1171 1172 1
1171 1225 1
1172 1173 1
1172 1226 1
1173 1174 1
1173 1227 1
1174 1175 1
1174 1228 1
1175 1176 1
1175 1229 1
1176 1177 1
1176 1230 1
1177 1178 1
1177 1231 1
1178 1179 1
1178 1232 1
1179 1180 1
1179 1233 1
1180 1181 1
1180 1234 1
1181 1182 1
1181 1235 1
1182 1183 1
1182 1236 1
1183 1184 1
1183 1237 1
1184 1185 1
1184 1238 1
1185 1186 1
1185 1239 1
1186 1187 1
1186 1240 1
1187 1188 1
1187 1241 1
1188 1242 1
1189 1190 1
1189 1243 1
1190 1191 1
1190 1244 1
1191 1192 1
1191 1245 1
1192 1193 1
1192 1246 1
1193 1194 1
1193 1247 1
1194 1195 1
1194 1248 1
1195 1196 1
1195 1249 1
1196 1197 1
1196 1250 1
1197 1198 1
1197 1251 1
1198 1199 1
1198 1252 1
1199 1200 1
1199 1253 1
1200 1201 1
1200 1254 1
1201 1202 1
1201 1255 1
1202 1203 1
1202 1256 1
1203 1204 1
1203 1257 1
1204 1205 1
1204 1258 1
1205 1206 1
1205 1259 1
1206 1207 1
1206 1260 1
1207 1208 1
1207 1261 1
1208 1209 1
1208 1262 1
1209 1210 1
1209 1263 1
1210 1211 1
1210 1264 1
1211 1212 1
1211 1265 1
1212 1213 1
1212 1266 1
1213 1214 1
1213 1267 1
1214 1215 1
1214 1268 1
1215 1216 1
1215 1269 1
1216 1217 1
1216 1270 1
1217 1218 1
1217 1271 1
1218 1219 1
1218 1272 1
1219 1220 1
1219 1273 1
1220 1221 1
1220 1274 1
1221 1222 1
1221 1275 1
1222 1223 1
1222 1276 1
1223 1224 1
1223 1277 1
1224 1225 1
1224 1278 1
1225 1226 1
1225 1279 1
1226 1227 1
1226 1280 1
1227 1228 1
1227 1281 1
1228 1229 1
1228 1282 1
1229 1230 1
1229 1283 1
1230 1231 1
1230 1284 1
1231 1232 1
1231 1285 1
1232 1233 1
1232 1286 1
1233 1234 1
1233 1287 1
1234 1235 1
1234 1288 1
1235 1236 1
1235 1289 1
1236 1237 1
1236 1290 1
1237 1238 1
1237 1291 1
1238 1239 1
1238 1292 1
1239 1240 1
1239 1293 1
1240 1241 1
1240 1294 1
1241 1242 1
1241 1295 1
1242 1296 1
1243 1244 1
1243 1297 1
1244 1245 1
1244 1298 1
1245 1246 1
1245 1299 1
1246 1247 1
1246 1300 1
1247 1248 1
1247 1301 1
1248 1249 1
1248 1302 1
1249 1250 1
1249 1303 1
1250 1251 1
1250 1304 1
1251 1252 1
1251 1305 1
1252 1253 1
1252 1306 1
1253 1254 1
1253 1307 1
1254 1255 1
1254 1308 1
1255 1256 1
1255 1309 1
1256 1257 1
1256 1310 1
1257 1258 1
1257 1311 1
1258 1259 1
1258 1312 1
1259 1260 1
1259 1313 1
1260 1261 1
1260 1314 1
1261 1262 1
1261 1315 1
1262 1263 1
1262 1316 1
1263 1264 1
1263 1317 1
1264 1265 1
1264 1318 1
1265 1266 1
1265 1319 1
1266 1267 1
1266 1320 1
1267 1268 1
1267 1321 1
1268 1269 1
1268 1322 1
1269 1270 1
1269 1323 1
1270 1271 1
1270 1324 1
1271 1272 1
1271 1325 1
1272 1273 1
1272 1326 1
1273 1274 1
1273 1327 1
1274 1275 1
1274 1328 1
1275 1276 1
1275 1329 1
1276 1277 1
1276 1330 1
1277 1278 1
1277 1331 1
1278 1279 1
1278 1332 1
1279 1280 1
1279 1333 1
1280 1281 1
1280 1334 1
1281 1282 1
1281 1335 1
1282 1283 1
1282 1336 1
1283 1284 1
1283 1337 1
1284 1285 1
1284 1338 1
1285 1286 1
1285 1339 1
1286 1287 1
1286 1340 1
1287 1288 1
1287 1341 1
1288 1289 1
1288 1342 1
1289 1290 1
1289 1343 1
1290 1291 1
1290 1344 1
1291 1292 1
1291 1345 1
1292 1293 1
1292 1346 1
1293 1294 1
1293 1347 1
1294 1295 1
1294 1348 1
1295 1296 1
1295 1349 1
1296 1350 1
1297 1298 1
1297 1351 1
1298 1299 1
1298 1352 1
1299 1300 1
1299 1353 1
1300 1301 1
1300 1354 1
1301 1302 1
1301 1355 1
1302 1303 1
1302 1356 1
1303 1304 1
1303 1357 1
1304 1305 1
1304 1358 1
1305 1306 1
1305 1359 1
1306 1307 1
1306 1360 1
1307 1308 1
1307 1361 1
1308 1309 1
1308 1362 1
1309 1310 1
1309 1363 1
1310 1311 1
1310 1364 1
1311 1312 1
1311 1365 1
1312 1313 1
1312 1366 1
1313 1314 1
1313 1367 1
1314 1315 1
1314 1368 1
1315 1316 1
1315 1369 1
1316 1317 1
1316 1370 1
1317 1318 1
1317 1371 1
1318 1319 1
1318 1372 1
1319 1320 1
1319 1373 1
1320 1321 1
1320 1374 1
1321 1322 1
1321 1375 1
1322 1323 1
1322 1376 1
1323 1324 1
1323 1377 1
1324 1325 1
1324 1378 1
1325 1326 1
1325 1379 1
1326 1327 1
1326 1380 1
1327 1328 1
1327 1381 1
1328 1329 1
1328 1382 1
1329 1330 1
1329 1383 1
1330 1331 1
1330 1384 1
1331 1332 1
1331 1385 1
1332 1333 1
1332 1386 1
1333 1334 1
1333 1387 1
1334 1335 1
1334 1388 1
1335 1336 1
1335 1389 1
1336 1337 1
1336 1390 1
1337 1338 1
1337 1391 1
1338 1339 1
1338 1392 1
1339 1340 1
1339 1393 1
1340 1341 1
1340 1394 1
1341 1342 1
1341 1395 1
1342 1343 1
1342 1396 1
1343 1344 1
1343 1397 1
1344 1345 1
1344 1398 1
1345 1346 1
1345 1399 1
1346 1347 1
1346 1400 1
1347 1348 1
1347 1401 1
1348 1349 1
1348 1402 1
1349 1350 1
1349 1403 1
1350 1404 1
1351 1352 1
1351 1405 1
1352 1353 1
1352 1406 1
1353 1354 1
1353 1407 1
1354 1355 1
1354 1408 1
1355 1356 1
1355 1409 1
1356 1357 1
1356 1410 1
1357 1358 1
1357 1411 1
1358 1359 1
1358 1412 1
1359 1360 1
1359 1413 1
1360 1361 1
1360 1414 1
1361 1362 1
1361 1415 1
1362 1363 1
1362 1416 1
1363 1364 1
1363 1417 1
1364 1365 1
1364 1418 1
1365 1366 1
1365 1419 1
1366 1367 1
1366 1420 1
1367 1368 1
1367 1421 1
1368 1369 1
1368 1422 1
1369 1370 1
1369 1423 1
1370 1371 1
1370 1424 1
1371 1372 1
1371 1425 1
1372 1373 1
1372 1426 1
1373 1374 1
1373 1427 1
1374 1375 1
1374 1428 1
1375 1376 1
1375 1429 1
1376 1377 1
1376 1430 1
1377 1378 1
1377 1431 1
1378 1379 1
1378 1432 1
1379 1380 1
1379 1433 1
1380 1381 1
1380 1434 1
1381 1382 1
1381 1435 1
1382 1383 1
1382 1436 1
1383 1384 1
1383 1437 1
1384 1385 1
1384 1438 1
1385 1386 1
1385 1439 1
1386 1387 1
1386 1440 1
1387 1388 1
1387 1441 1
1388 1389 1
1388 1442 1
1389 1390 1
1389 1443 1
1390 1391 1
1390 1444 1
1391 1392 1
1391 1445 1
1392 1393 1
1392 1446 1
1393 1394 1
1393 1447 1
1394 1395 1
1394 1448 1
1395 1396 1
1395 1449 1
1396 1397 1
1396 1450 1
1397 1398 1
1397 1451 1
1398 1399 1
1398 1452 1
1399 1400 1
1399 1453 1
1400 1401 1
1400 1454 1
1401 1402 1
1401 1455 1
1402 1403 1
1402 1456 1
1403 1404 1
1403 1457 1
1404 1458 1
1405 1406 1
1405 1459 1
1406 1407 1
1406 1460 1
1407 1408 1
1407 1461 1
1408 1409 1
1408 1462 1
1409 1410 1
1409 1463 1
1410 1411 1
1410 1464 1
1411 1412 1
1411 1465 1
1412 1413 1
1412 1466 1
1413 1414 1
1413 1467 1
1414 1415 1
1414 1468 1
1415 1416 1
1415 1469 1
1416 1417 1
1416 1470 1
1417 1418 1
1417 1471 1
1418 1419 1
1418 1472 1
1419 1420 1
1419 1473 1
1420 1421 1
1420 1474 1
1421 1422 1
1421 1475 1
1422 1423 1
1422 1476 1
1423 1424 1
1423 1477 1
1424 1425 1
1424 1478 1
1425 1426 1
1425 1479 1
1426 1427 1
1426 1480 1
1427 1428 1
1427 1481 1
1428 1429 1
1428 1482 1
1429 1430 1
1429 1483 1
1430 1431 1
1430 1484 1
1431 1432 1
1431 1485 1
1432 1433 1
1432 1486 1
1433 1434 1
1433 1487 1
1434 1435 1
1434 1488 1
1435 1436 1
1435 1489 1
1436 1437 1
1436 1490 1
1437 1438 1
1437 1491 1
1438 1439 1
1438 1492 1
1439 1440 1
1439 1493 1
1440 1441 1
1440 1494 1
1441 1442 1
1441 1495 1
1442 1443 1
1442 1496 1
1443 1444 1
1443 1497 1
1444 1445 1
1444 1498 1
1445 1446 1
1445 1499 1
1446 1447 1
1446 1500 1
1447 1448 1
1447 1501 1
1448 1449 1
1448 1502 1
1449 1450 1
1449 1503 1
1450 1451 1
1450 1504 1
1451 1452 1
1451 1505 1
1452 1453 1
1452 1506 1
1453 1454 1
1453 1507 1
1454 1455 1
1454 1508 1
1455 1456 1
1455 1509 1
1456 1457 1
1456 1510 1
1457 1458 1
1457 1511 1
1458 1512 1
1459 1460 1
1459 1513 1
1460 1461 1
1460 1514 1
1461 1462 1
1461 1515 1
1462 1463 1
1462 1516 1
1463 1464 1
1463 1517 1
1464 1465 1
1464 1518 1
1465 1466 1
1465 1519 1
1466 1467 1
1466 1520 1
1467 1468 1
1467 1521 1
1468 1469 1
1468 1522 1
1469 1470 1
1469 1523 1
1470 1471 1
1470 1524 1
1471 1472 1
1471 1525 1
1472 1473 1
1472 1526 1
1473 1474 1
1473 1527 1
1474 1475 1
1474 1528 1
1475 1476 1
1475 1529 1
1476 1477 1
1476 1530 1
1477 1478 1
1477 1531 1
1478 1479 1
1478 1532 1
1479 1480 1
1479 1533 1
1480 1481 1
1480 1534 1
1481 1482 1
1481 1535 1
1482 1483 1
1482 1536 1
1483 1484 1
1483 1537 1
1484 1485 1
1484 1538 1
1485 1486 1
1485 1539 1
1486 1487 1
1486 1540 1
1487 1488 1
1487 1541 1
1488 1489 1
1488 1542 1
1489 1490 1
1489 1543 1
1490 1491 1
1490 1544 1
1491 1492 1
1491 1545 1
1492 1493 1
1492 1546 1
1493 1494 1
1493 1547 1
1494 1495 1
1494 1548 1
1495 1496 1
1495 1549 1
1496 1497 1
1496 1550 1
1497 1498 1
1497 1551 1
1498 1499 1
1498 1552 1
1499 1500 1
1499 1553 1
1500 1501 1
1500 1554 1
1501 1502 1
1501 1555 1
1502 1503 1
1502 1556 1
1503 1504 1
1503 1557 1
1504 1505 1
1504 1558 1
1505 1506 1
1505 1559 1
1506 1507 1
1506 1560 1
1507 1508 1
1507 1561 1
1508 1509 1
1508 1562 1
1509 1510 1
1509 1563 1
1510 1511 1
1510 1564 1
1511 1512 1
1511 1565 1
1512 1566 1
1513 1514 1
1513 1567 1
1514 1515 1
1514 1568 1
1515 1516 1
1515 1569 1
1516 1517 1
1516 1570 1
1517 1518 1
1517 1571 1
1518 1519 1
1518 1572 1
1519 1520 1
1519 1573 1
1520 1521 1
1520 1574 1
1521 1522 1
1521 1575 1
1522 1523 1
1522 1576 1
1523 1524 1
1523 1577 1
1524 1525 1
1524 1578 1
1525 1526 1
1525 1579 1
1526 1527 1
1526 1580 1
1527 1528 1
1527 1581 1
1528 1529 1
1528 1582 1
1529 1530 1
1529 1583 1
1530 1531 1
1530 1584 1
1531 1532 1
1531 1585 1
1532 1533 1
1532 1586 1
1533 1534 1
1533 1587 1
1534 1535 1
1534 1588 1
1535 1536 1
1535 1589 1
1536 1537 1
1536 1590 1
1537 1538 1
1537 1591 1
1538 1539 1
1538 1592 1
1539 1540 1
1539 1593 1
1540 1541 1
1540 1594 1
1541 1542 1
1541 1595 1
1542 1543 1
1542 1596 1
1543 1544 1
1543 1597 1
1544 1545 1
1544 1598 1
1545 1546 1
1545 1599 1
1546 1547 1
1546 1600 1
1547 1548 1
1547 1601 1
1548 1549 1
1548 1602 1
1549 1550 1
1549 1603 1
1550 1551 1
1550 1604 1
1551 1552 1
1551 1605 1
1552 1553 1
1552 1606 1
1553 1554 1
1553 1607 1
1554 1555 1
1554 1608 1
1555 1556 1
1555 1609 1
1556 1557 1
1556 1610 1
1557 1558 1
1557 1611 1
1558 1559 1
1558 1612 1
1559 1560 1
1559 1613 1
1560 1561 1
1560 1614 1
1561 1562 1
1561 1615 1
1562 1563 1
1562 1616 1
1563 1564 1
1563 1617 1
1564 1565 1
1564 1618 1
1565 1566 1
1565 1619 1
1566 1620 1
1567 1568 1
1567 1621 1
1568 1569 1
1568 1622 1
1569 1570 1
1569 1623 1
1570 1571 1
1570 1624 1
1571 1572 1
1571 1625 1
1572 1573 1
1572 1626 1
1573 1574 1
1573 1627 1
1574 1575 1
1574 1628 1
1575 1576 1
1575 1629 1
1576 1577 1
1576 1630 1
1577 1578 1
1577 1631 1
1578 1579 1
1578 1632 1
1579 1580 1
1579 1633 1
1580 1581 1
1580 1634 1
1581 1582 1
1581 1635 1
1582 1583 1
1582 1636 1
1583 1584 1
1583 1637 1
1584 1585 1
1584 1638 1
1585 1586 1
1585 1639 1
1586 1587 1
1586 1640 1
1587 1588 1
1587 1641 1
1588 1589 1
1588 1642 1
1589 1590 1
1589 1643 1
1590 1591 1
1590 1644 1
1591 1592 1
1591 1645 1
1592 1593 1
1592 1646 1
1593 1594 1
1593 1647 1
1594 1595 1
1594 1648 1
1595 1596 1
1595 1649 1
1596 1597 1
1596 1650 1
1597 1598 1
1597 1651 1
1598 1599 1
1598 1652 1
1599 1600 1
1599 1653 1
1600 1601 1
1600 1654 1
1601 1602 1
1601 1655 1
1602 1603 1
1602 1656 1
1603 1604 1
1603 1657 1
1604 1605 1
1604 1658 1
1605 1606 1
1605 1659 1
1606 1607 1
1606 1660 1
1607 1608 1
1607 1661 1
1608 1609 1
1608 1662 1
1609 1610 1
1609 1663 1
1610 1611 1
1610 1664 1
1611 1612 1
1611 1665 1
1612 1613 1
1612 1666 1
1613 1614 1
1613 1667 1
1614 1615 1
1614 1668 1
1615 1616 1
1615 1669 1
1616 1617 1
1616 1670 1
1617 1618 1
1617 1671 1
1618 1619 1
1618 1672 1
1619 1620 1
1619 1673 1
1620 1674 1
1621 1622 1
1621 1675 1
1622 1623 1
1622 1676 1
1623 1624 1
1623 1677 1
1624 1625 1
1624 1678 1
1625 1626 1
1625 1679 1
1626 1627 1
1626 1680 1
1627 1628 1
1627 1681 1
1628 1629 1
1628 1682 1
1629 1630 1
1629 1683 1
1630 1631 1
1630 1684 1
1631 1632 1
1631 1685 1
1632 1633 1
1632 1686 1
1633 1634 1
1633 1687 1
1634 1635 1
1634 1688 1
1635 1636 1
1635 1689 1
1636 1637 1
1636 1690 1
1637 1638 1
1637 1691 1
1638 1639 1
1638 1692 1
1639 1640 1
1639 1693 1
1640 1641 1
1640 1694 1
1641 1642 1
1641 1695 1
1642 1643 1
1642 1696 1
1643 1644 1
1643 1697 1
1644 1645 1
1644 1698 1
1645 1646 1
1645 1699 1
1646 1647 1
1646 1700 1
1647 1648 1
1647 1701 1
1648 1649 1
1648 1702 1
1649 1650 1
1649 1703 1
1650 1651 1
1650 1704 1
1651 1652 1
1651 1705 1
1652 1653 1
1652 1706 1
1653 1654 1
1653 1707 1
1654 1655 1
1654 1708 1
1655 1656 1
1655 1709 1
1656 1657 1
1656 1710 1
1657 1658 1
1657 1711 1
1658 1659 1
1658 1712 1
1659 1660 1
1659 1713 1
1660 1661 1
1660 1714 1
1661 1662 1
1661 1715 1
1662 1663 1
1662 1716 1
1663 1664 1
1663 1717 1
1664 1665 1
1664 1718 1
1665 1666 1
1665 1719 1
1666 1667 1
1666 1720 1
1667 1668 1
1667 1721 1
1668 1669 1
1668 1722 1
1669 1670 1
1669 1723 1
1670 1671 1
1670 1724 1
1671 1672 1
1671 1725 1
1672 1673 1
1672 1726 1
1673 1674 1
1673 1727 1
1674 1728 1
1675 1676 1
1675 1729 1
1676 1677 1
1676 1730 1
1677 1678 1
1677 1731 1
1678 1679 1
1678 1732 1
1679 1680 1
1679 1733 1
1680 1681 1
1680 1734 1
1681 1682 1
1681 1735 1
1682 1683 1
1682 1736 1
1683 1684 1
1683 1737 1
1684 1685 1
1684 1738 1
1685 1686 1
1685 1739 1
1686 1687 1
1686 1740 1
1687 1688 1
1687 1741 1
1688 1689 1
1688 1742 1
1689 1690 1
1689 1743 1
1690 1691 1
1690 1744 1
1691 1692 1
1691 1745 1
1692 1693 1
1692 1746 1
1693 1694 1
1693 1747 1
1694 1695 1
1694 1748 1
1695 1696 1
1695 1749 1
1696 1697 1
1696 1750 1
1697 1698 1
1697 1751 1
1698 1699 1
1698 1752 1
1699 1700 1
1699 1753 1
1700 1701 1
1700 1754 1
1701 1702 1
1701 1755 1
1702 1703 1
1702 1756 1
1703 1704 1
1703 1757 1
1704 1705 1
1704 1758 1
1705 1706 1
1705 1759 1
1706 1707 1
1706 1760 1
1707 1708 1
1707 1761 1
1708 1709 1
1708 1762 1
1709 1710 1
1709 1763 1
1710 1711 1
1710 1764 1
1711 1712 1
1711 1765 1
1712 1713 1
1712 1766 1
1713 1714 1
1713 1767 1
1714 1715 1
1714 1768 1
1715 1716 1
1715 1769 1
1716 1717 1
1716 1770 1
1717 1718 1
1717 1771 1
1718 1719 1
1718 1772 1
1719 1720 1
1719 1773 1
1720 1721 1
1720 1774 1
1721 1722 1
1721 1775 1
1722 1723 1
1722 1776 1
1723 1724 1
1723 1777 1
1724 1725 1
1724 1778 1
1725 1726 1
1725 1779 1
1726 1727 1
1726 1780 1
1727 1728 1
1727 1781 1
1728 1782 1
1729 1730 1
1729 1783 1
1730 1731 1
1730 1784 1
1731 1732 1
1731 1785 1
1732 1733 1
1732 1786 1
1733 1734 1
1733 1787 1
1734 1735 1
1734 1788 1
1735 1736 1
1735 1789 1
1736 1737 1
1736 1790 1
1737 1738 1
1737 1791 1
1738 1739 1
1738 1792 1
1739 1740 1
1739 1793 1
1740 1741 1
1740 1794 1
1741 1742 1
1741 1795 1
1742 1743 1
1742 1796 1
1743 1744 1
1743 1797 1
1744 1745 1
1744 1798 1
1745 1746 1
1745 1799 1
1746 1747 1
1746 1800 1
1747 1748 1
1747 1801 1
1748 1749 1
1748 1802 1
1749 1750 1
1749 1803 1
1750 1751 1
1750 1804 1
1751 1752 1
1751 1805 1
1752 1753 1
1752 1806 1
1753 1754 1
1753 1807 1
1754 1755 1
1754 1808 1
1755 1756 1
1755 1809 1
1756 1757 1
1756 1810 1
1757 1758 1
1757 1811 1
1758 1759 1
1758 1812 1
1759 1760 1
1759 1813 1
1760 1761 1
1760 1814 1
1761 1762 1
1761 1815 1
1762 1763 1
1762 1816 1
1763 1764 1
1763 1817 1
1764 1765 1
1764 1818 1
1765 1766 1
1765 1819 1
1766 1767 1
1766 1820 1
1767 1768 1
1767 1821 1
1768 1769 1
1768 1822 1
1769 1770 1
1769 1823 1
1770 1771 1
1770 1824 1
1771 1772 1
1771 1825 1
1772 1773 1
1772 1826 1
1773 1774 1
1773 1827 1
1774 1775 1
1774 1828 1
1775 1776 1
1775 1829 1
1776 1777 1
1776 1830 1
1777 1778 1
1777 1831 1
1778 1779 1
1778 1832 1
1779 1780 1
1779 1833 1
1780 1781 1
1780 1834 1
1781 1782 1
1781 1835 1
1782 1836 1
1783 1784 1
1783 1837 1
1784 1785 1
1784 1838 1
1785 1786 1
1785 1839 1
1786 1787 1
1786 1840 1
1787 1788 1
1787 1841 1
1788 1789 1
1788 1842 1
1789 1790 1
1789 1843 1
1790 1791 1
1790 1844 1
1791 1792 1
1791 1845 1
1792 1793 1
1792 1846 1
1793 1794 1
1793 1847 1
1794 1795 1
1794 1848 1
1795 1796 1
1795 1849 1
1796 1797 1
1796 1850 1
1797 1798 1
1797 1851 1
1798 1799 1
1798 1852 1
1799 1800 1
1799 1853 1
1800 1801 1
1800 1854 1
1801 1802 1
1801 1855 1
1802 1803 1
1802 1856 1
1803 1804 1
1803 1857 1
1804 1805 1
1804 1858 1
1805 1806 1
1805 1859 1
1806 1807 1
1806 1860 1
1807 1808 1
1807 1861 1
1808 1809 1
1808 1862 1
1809 1810 1
1809 1863 1
1810 1811 1
1810 1864 1
1811 1812 1
1811 1865 1
1812 1813 1
1812 1866 1
1813 1814 1
1813 1867 1
1814 1815 1
1814 1868 1
1815 1816 1
1815 1869 1
1816 1817 1
1816 1870 1
1817 1818 1
1817 1871 1
1818 1819 1
1818 1872 1
1819 1820 1
1819 1873 1
1820 1821 1
1820 1874 1
1821 1822 1
1821 1875 1
1822 1823 1
1822 1876 1
1823 1824 1
1823 1877 1
1824 1825 1
1824 1878 1
1825 1826 1
1825 1879 1
1826 1827 1
1826 1880 1
1827 1828 1
1827 1881 1
1828 1829 1
1828 1882 1
1829 1830 1
1829 1883 1
1830 1831 1
1830 1884 1
1831 1832 1
1831 1885 1
1832 1833 1
1832 1886 1
1833 1834 1
1833 1887 1
1834 1835 1
1834 1888 1
1835 1836 1
1835 1889 1
1836 1890 1
1837 1838 1
1837 1891 1
1838 1839 1
1838 1892 1
1839 1840 1
1839 1893 1
1840 1841 1
1840 1894 1
1841 1842 1
1841 1895 1
1842 1843 1
1842 1896 1
1843 1844 1
1843 1897 1
1844 1845 1
1844 1898 1
1845 1846 1
1845 1899 1
1846 1847 1
1846 1900 1
1847 1848 1
1847 1901 1
1848 1849 1
1848 1902 1
1849 1850 1
1849 1903 1
1850 1851 1
1850 1904 1
1851 1852 1
1851 1905 1
1852 1853 1
1852 1906 1
1853 1854 1
1853 1907 1
1854 1855 1
1854 1908 1
1855 1856 1
1855 1909 1
1856 1857 1
1856 1910 1
1857 1858 1
1857 1911 1
1858 1859 1
1858 1912 1
1859 1860 1
1859 1913 1
1860 1861 1
1860 1914 1
1861 1862 1
1861 1915 1
1862 1863 1
1862 1916 1
1863 1864 1
1863 1917 1
1864 1865 1
1864 1918 1
1865 1866 1
1865 1919 1
1866 1867 1
1866 1920 1
1867 1868 1
1867 1921 1
1868 1869 1
1868 1922 1
1869 1870 1
1869 1923 1
1870 1871 1
1870 1924 1
1871 1872 1
1871 1925 1
1872 1873 1
1872 1926 1
1873 1874 1
1873 1927 1
1874 1875 1
1874 1928 1
1875 1876 1
1875 1929 1
1876 1877 1
1876 1930 1
1877 1878 1
1877 1931 1
1878 1879 1
1878 1932 1
1879 1880 1
1879 1933 1
1880 1881 1
1880 1934 1
1881 1882 1
1881 1935 1
1882 1883 1
1882 1936 1
1883 1884 1
1883 1937 1
1884 1885 1
1884 1938 1
1885 1886 1
1885 1939 1
1886 1887 1
1886 1940 1
1887 1888 1
1887 1941 1
1888 1889 1
1888 1942 1
1889 1890 1
1889 1943 1
1890 1944 1
1891 1892 1
1891 1945 1
1892 1893 1
1892 1946 1
1893 1894 1
1893 1947 1
1894 1895 1
1894 1948 1
1895 1896 1
1895 1949 1
1896 1897 1
1896 1950 1
1897 1898 1
1897 1951 1
1898 1899 1
1898 1952 1
1899 1900 1
1899 1953 1
1900 1901 1
1900 1954 1
1901 1902 1
1901 1955 1
1902 1903 1
1902 1956 1
1903 1904 1
1903 1957 1
1904 1905 1
1904 1958 1
1905 1906 1
1905 1959 1
1906 1907 1
1906 1960 1
1907 1908 1
1907 1961 1
1908 1909 1
1908 1962 1
1909 1910 1
1909 1963 1
1910 1911 1
1910 1964 1
1911 1912 1
1911 1965 1
1912 1913 1
1912 1966 1
1913 1914 1
1913 1967 1
1914 1915 1
1914 1968 1
1915 1916 1
1915 1969 1
1916 1917 1
1916 1970 1
1917 1918 1
1917 1971 1
1918 1919 1
1918 1972 1
1919 1920 1
1919 1973 1
1920 1921 1
1920 1974 1
1921 1922 1
1921 1975 1
1922 1923 1
1922 1976 1
1923 1924 1
1923 1977 1
1924 1925 1
1924 1978 1
1925 1926 1
1925 1979 1
1926 1927 1
1926 1980 1
1927 1928 1
1927 1981 1
1928 1929 1
1928 1982 1
1929 1930 1
1929 1983 1
1930 1931 1
1930 1984 1
1931 1932 1
1931 1985 1
1932 1933 1
1932 1986 1
1933 1934 1
1933 1987 1
1934 1935 1
1934 1988 1
1935 1936 1
1935 1989 1
1936 1937 1
1936 1990 1
1937 1938 1
1937 1991 1
1938 1939 1
1938 1992 1
1939 1940 1
1939 1993 1
1940 1941 1
1940 1994 1
1941 1942 1
1941 1995 1
1942 1943 1
1942 1996 1
1943 1944 1
1943 1997 1
1944 1998 1
1945 1946 1
1945 1999 1
1946 1947 1
1946 2000 1
1947 1948 1
1947 2001 1
1948 1949 1
1948 2002 1
1949 1950 1
1949 2003 1
1950 1951 1
1950 2004 1
1951 1952 1
1951 2005 1
1952 1953 1
1952 2006 1
1953 1954 1
1953 2007 1
1954 1955 1
1954 2008 1
1955 1956 1
1955 2009 1
1956 1957 1
1956 2010 1
1957 1958 1
1957 2011 1
1958 1959 1
1958 2012 1
1959 1960 1
1959 2013 1
1960 1961 1
1960 2014 1
1961 1962 1
1961 2015 1
1962 1963 1
1962 2016 1
1963 1964 1
1963 2017 1
1964 1965 1
1964 2018 1
1965 1966 1
1965 2019 1
1966 1967 1
1966 2020 1
1967 1968 1
1967 2021 1
1968 1969 1
1968 2022 1
1969 1970 1
1969 2023 1
1970 1971 1
1970 2024 1
1971 1972 1
1971 2025 1
1972 1973 1
1972 2026 1
1973 1974 1
1973 2027 1
1974 1975 1
1974 2028 1
1975 1976 1
1975 2029 1
1976 1977 1
1976 2030 1
1977 1978 1
1977 2031 1
1978 1979 1
1978 2032 1
1979 1980 1
1979 2033 1
1980 1981 1
1980 2034 1
1981 1982 1
1981 2035 1
1982 1983 1
1982 2036 1
1983 1984 1
1983 2037 1
1984 1985 1
1984 2038 1
1985 1986 1
1985 2039 1
1986 1987 1
1986 2040 1
1987 1988 1
1987 2041 1
1988 1989 1
1988 2042 1
1989 1990 1
1989 2043 1
1990 1991 1
1990 2044 1
1991 1992 1
1991 2045 1
1992 1993 1
1992 2046 1
1993 1994 1
1993 2047 1
1994 1995 1
1994 2048 1
1995 1996 1
1995 2049 1
1996 1997 1
1996 2050 1
1997 1998 1
1997 2051 1
1998 2052 1
1999 2000 1
1999 2053 1
2000 2001 1
2000 2054 1
2001 2002 1
2001 2055 1
2002 2003 1
2002 2056 1
2003 2004 1
2003 2057 1
2004 2005 1
2004 2058 1
2005 2006 1
2005 2059 1
2006 2007 1
2006 2060 1
2007 2008 1
2007 2061 1
2008 2009 1
2008 2062 1
2009 2010 1
2009 2063 1
2010 2011 1
2010 2064 1
2011 2012 1
2011 2065 1
2012 2013 1
2012 2066 1
2013 2014 1
2013 2067 1
2014 2015 1
2014 2068 1
2015 2016 1
2015 2069 1
2016 2017 1
2016 2070 1
2017 2018 1
2017 2071 1
2018 2019 1
2018 2072 1
2019 2020 1
2019 2073 1
2020 2021 1
2020 2074 1
2021 2022 1
2021 2075 1
2022 2023 1
2022 2076 1
2023 2024 1
2023 2077 1
2024 2025 1
2024 2078 1
2025 2026 1
2025 2079 1
2026 2027 1
2026 2080 1
2027 2028 1
2027 2081 1
2028 2029 1
2028 2082 1
2029 2030 1
2029 2083 1
2030 2031 1
2030 2084 1
2031 2032 1
2031 2085 1
2032 2033 1
2032 2086 1
2033 2034 1
2033 2087 1
2034 2035 1
2034 2088 1
2035 2036 1
2035 2089 1
2036 2037 1
2036 2090 1
2037 2038 1
2037 2091 1
2038 2039 1
2038 2092 1
2039 2040 1
2039 2093 1
2040 2041 1
2040 2094 1
2041 2042 1
2041 2095 1
2042 2043 1
2042 2096 1
2043 2044 1
2043 2097 1
2044 2045 1
2044 2098 1
2045 2046 1
2045 2099 1
2046 2047 1
2046 2100 1
2047 2048 1
2047 2101 1
2048 2049 1
2048 2102 1
2049 2050 1
2049 2103 1
2050 2051 1
2050 2104 1
2051 2052 1
2051 2105 1
2052 2106 1
2053 2054 1
2053 2107 1
2054 2055 1
2054 2108 1
2055 2056 1
2055 2109 1
2056 2057 1
2056 2110 1
2057 2058 1
2057 2111 1
2058 2059 1
2058 2112 1
2059 2060 1
2059 2113 1
2060 2061 1
2060 2114 1
2061 2062 1
2061 2115 1
2062 2063 1
2062 2116 1
2063 2064 1
2063 2117 1
2064 2065 1
2064 2118 1
2065 2066 1
2065 2119 1
2066 2067 1
2066 2120 1
2067 2068 1
2067 2121 1
2068 2069 1
2068 2122 1
2069 2070 1
2069 2123 1
2070 2071 1
2070 2124 1
2071 2072 1
2071 2125 1
2072 2073 1
2072 2126 1
2073 2074 1
2073 2127 1
2074 2075 1
2074 2128 1
2075 2076 1
2075 2129 1
2076 2077 1
2076 2130 1
2077 2078 1
2077 2131 1
2078 2079 1
2078 2132 1
2079 2080 1
2079 2133 1
2080 2081 1
2080 2134 1
2081 2082 1
2081 2135 1
2082 2083 1
2082 2136 1
2083 2084 1
2083 2137 1
2084 2085 1
2084 2138 1
2085 2086 1
2085 2139 1
2086 2087 1
2086 2140 1
2087 2088 1
2087 2141 1
2088 2089 1
2088 2142 1
2089 2090 1
2089 2143 1
2090 2091 1
2090 2144 1
2091 2092 1
2091 2145 1
2092 2093 1
2092 2146 1
2093 2094 1
2093 2147 1
2094 2095 1
2094 2148 1
2095 2096 1
2095 2149 1
2096 2097 1
2096 2150 1
2097 2098 1
2097 2151 1
2098 2099 1
2098 2152 1
2099 2100 1
2099 2153 1
2100 2101 1
2100 2154 1
2101 2102 1
2101 2155 1
2102 2103 1
2102 2156 1
2103 2104 1
2103 2157 1
2104 2105 1
2104 2158 1
2105 2106 1
2105 2159 1
2106 2160 1
2107 2108 1
2107 2161 1
2108 2109 1
2108 2162 1
2109 2110 1
2109 2163 1
2110 2111 1
2110 2164 1
2111 2112 1
2111 2165 1
2112 2113 1
2112 2166 1
2113 2114 1
2113 2167 1
2114 2115 1
2114 2168 1
2115 2116 1
2115 2169 1
2116 2117 1
2116 2170 1
2117 2118 1
2117 2171 1
2118 2119 1
2118 2172 1
2119 2120 1
2119 2173 1
2120 2121 1
2120 2174 1
2121 2122 1
2121 2175 1
2122 2123 1
2122 2176 1
2123 2124 1
2123 2177 1
2124 2125 1
2124 2178 1
2125 2126 1
2125 2179 1
2126 2127 1
2126 2180 1
2127 2128 1
2127 2181 1
2128 2129 1
2128 2182 1
2129 2130 1
2129 2183 1
2130 2131 1
2130 2184 1
2131 2132 1
2131 2185 1
2132 2133 1
2132 2186 1
2133 2134 1
2133 2187 1
2134 2135 1
2134 2188 1
2135 2136 1
2135 2189 1
2136 2137 1
2136 2190 1
2137 2138 1
2137 2191 1
2138 2139 1
2138 2192 1
2139 2140 1
2139 2193 1
2140 2141 1
2140 2194 1
2141 2142 1
2141 2195 1
2142 2143 1
2142 2196 1
2143 2144 1
2143 2197 1
2144 2145 1
2144 2198 1
2145 2146 1
2145 2199 1
2146 2147 1
2146 2200 1
2147 2148 1
2147 2201 1
2148 2149 1
2148 2202 1
2149 2150 1
2149 2203 1
2150 2151 1
2150 2204 1
2151 2152 1
2151 2205 1
2152 2153 1
2152 2206 1
2153 2154 1
2153 2207 1
2154 2155 1
2154 2208 1
2155 2156 1
2155 2209 1
2156 2157 1
2156 2210 1
2157 2158 1
2157 2211 1
2158 2159 1
2158 2212 1
2159 2160 1
2159 2213 1
2160 2214 1
2161 2162 1
2161 2215 1
2162 2163 1
2162 2216 1
2163 2164 1
2163 2217 1
2164 2165 1
2164 2218 1
2165 2166 1
2165 2219 1
2166 2167 1
2166 2220 1
2167 2168 1
2167 2221 1
2168 2169 1
2168 2222 1
2169 2170 1
2169 2223 1
2170 2171 1
2170 2224 1
2171 2172 1
2171 2225 1
2172 2173 1
2172 2226 1
2173 2174 1
2173 2227 1
2174 2175 1
2174 2228 1
2175 2176 1
2175 2229 1
2176 2177 1
2176 2230 1
2177 2178 1
2177 2231 1
2178 2179 1
2178 2232 1
2179 2180 1
2179 2233 1
2180 2181 1
2180 2234 1
2181 2182 1
2181 2235 1
2182 2183 1
2182 2236 1
2183 2184 1
2183 2237 1
2184 2185 1
2184 2238 1
2185 2186 1
2185 2239 1
2186 2187 1
2186 2240 1
2187 2188 1
2187 2241 1
2188 2189 1
2188 2242 1
2189 2190 1
2189 2243 1
2190 2191 1
2190 2244 1
2191 2192 1
2191 2245 1
2192 2193 1
2192 2246 1
2193 2194 1
2193 2247 1
2194 2195 1
2194 2248 1
2195 2196 1
2195 2249 1
2196 2197 1
2196 2250 1
2197 2198 1
2197 2251 1
2198 2199 1
2198 2252 1
2199 2200 1
2199 2253 1
2200 2201 1
2200 2254 1
2201 2202 1
2201 2255 1
2202 2203 1
2202 2256 1
2203 2204 1
2203 2257 1
2204 2205 1
2204 2258 1
2205 2206 1
2205 2259 1
2206 2207 1
2206 2260 1
2207 2208 1
2207 2261 1
2208 2209 1
2208 2262 1
2209 2210 1
2209 2263 1
2210 2211 1
2210 2264 1
2211 2212 1
2211 2265 1
2212 2213 1
2212 2266 1
2213 2214 1
2213 2267 1
2214 2268 1
2215 2216 1
2215 2269 1
2216 2217 1
2216 2270 1
2217 2218 1
2217 2271 1
2218 2219 1
2218 2272 1
2219 2220 1
2219 2273 1
2220 2221 1
2220 2274 1
2221 2222 1
2221 2275 1
2222 2223 1
2222 2276 1
2223 2224 1
2223 2277 1
2224 2225 1
2224 2278 1
2225 2226 1
2225 2279 1
2226 2227 1
2226 2280 1
2227 2228 1
2227 2281 1
2228 2229 1
2228 2282 1
2229 2230 1
2229 2283 1
2230 2231 1
2230 2284 1
2231 2232 1
2231 2285 1
2232 2233 1
2232 2286 1
2233 2234 1
2233 2287 1
2234 2235 1
2234 2288 1
2235 2236 1
2235 2289 1
2236 2237 1
2236 2290 1
2237 2238 1
2237 2291 1
2238 2239 1
2238 2292 1
2239 2240 1
2239 2293 1
2240 2241 1
2240 2294 1
2241 2242 1
2241 2295 1
2242 2243 1
2242 2296 1
2243 2244 1
2243 2297 1
2244 2245 1
2244 2298 1
2245 2246 1
2245 2299 1
2246 2247 1
2246 2300 1
2247 2248 1
2247 2301 1
2248 2249 1
2248 2302 1
2249 2250 1
2249 2303 1
2250 2251 1
2250 2304 1
2251 2252 1
2251 2305 1
2252 2253 1
2252 2306 1
2253 2254 1
2253 2307 1
2254 2255 1
2254 2308 1
2255 2256 1
2255 2309 1
2256 2257 1
2256 2310 1
2257 2258 1
2257 2311 1
2258 2259 1
2258 2312 1
2259 2260 1
2259 2313 1
2260 2261 1
2260 2314 1
2261 2262 1
2261 2315 1
2262 2263 1
2262 2316 1
2263 2264 1
2263 2317 1
2264 2265 1
2264 2318 1
2265 2266 1
2265 2319 1
2266 2267 1
2266 2320 1
2267 2268 1
2267 2321 1
2268 2322 1
2269 2270 1
2269 2323 1
2270 2271 1
2270 2324 1
2271 2272 1
2271 2325 1
2272 2273 1
2272 2326 1
2273 2274 1
2273 2327 1
2274 2275 1
2274 2328 1
2275 2276 1
2275 2329 1
2276 2277 1
2276 2330 1
2277 2278 1
2277 2331 1
2278 2279 1
2278 2332 1
2279 2280 1
2279 2333 1
2280 2281 1
2280 2334 1
2281 2282 1
2281 2335 1
2282 2283 1
2282 2336 1
2283 2284 1
2283 2337 1
2284 2285 1
2284 2338 1
2285 2286 1
2285 2339 1
2286 2287 1
2286 2340 1
2287 2288 1
2287 2341 1
2288 2289 1
2288 2342 1
2289 2290 1
2289 2343 1
2290 2291 1
2290 2344 1
2291 2292 1
2291 2345 1
2292 2293 1
2292 2346 1
2293 2294 1
2293 2347 1
2294 2295 1
2294 2348 1
2295 2296 1
2295 2349 1
2296 2297 1
2296 2350 1
2297 2298 1
2297 2351 1
2298 2299 1
2298 2352 1
2299 2300 1
2299 2353 1
2300 2301 1
2300 2354 1
2301 2302 1
2301 2355 1
2302 2303 1
2302 2356 1
2303 2304 1
2303 2357 1
2304 2305 1
2304 2358 1
2305 2306 1
2305 2359 1
2306 2307 1
2306 2360 1
2307 2308 1
2307 2361 1
2308 2309 1
2308 2362 1
2309 2310 1
2309 2363 1
2310 2311 1
2310 2364 1
2311 2312 1
2311 2365 1
2312 2313 1
2312 2366 1
2313 2314 1
2313 2367 1
2314 2315 1
2314 2368 1
2315 2316 1
2315 2369 1
2316 2317 1
2316 2370 1
2317 2318 1
2317 2371 1
2318 2319 1
2318 2372 1
2319 2320 1
2319 2373 1
2320 2321 1
2320 2374 1
2321 2322 1
2321 2375 1
2322 2376 1
2323 2324 1
2323 2377 1
2324 2325 1
2324 2378 1
2325 2326 1
2325 2379 1
2326 2327 1
2326 2380 1
2327 2328 1
2327 2381 1
2328 2329 1
2328 2382 1
2329 2330 1
2329 2383 1
2330 2331 1
2330 2384 1
2331 2332 1
2331 2385 1
2332 2333 1
2332 2386 1
2333 2334 1
2333 2387 1
2334 2335 1
2334 2388 1
2335 2336 1
2335 2389 1
2336 2337 1
2336 2390 1
2337 2338 1
2337 2391 1
2338 2339 1
2338 2392 1
2339 2340 1
2339 2393 1
2340 2341 1
2340 2394 1
2341 2342 1
2341 2395 1
2342 2343 1
2342 2396 1
2343 2344 1
2343 2397 1
2344 2345 1
2344 2398 1
2345 2346 1
2345 2399 1
2346 2347 1
2346 2400 1
2347 2348 1
2347 2401 1
2348 2349 1
2348 2402 1
2349 2350 1
2349 2403 1
2350 2351 1
2350 2404 1
2351 2352 1
2351 2405 1
2352 2353 1
2352 2406 1
2353 2354 1
2353 2407 1
2354 2355 1
2354 2408 1
2355 2356 1
2355 2409 1
2356 2357 1
2356 2410 1
2357 2358 1
2357 2411 1
2358 2359 1
2358 2412 1
2359 2360 1
2359 2413 1
2360 2361 1
2360 2414 1
2361 2362 1
2361 2415 1
2362 2363 1
2362 2416 1
2363 2364 1
2363 2417 1
2364 2365 1
2364 2418 1
2365 2366 1
2365 2419 1
2366 2367 1
2366 2420 1
2367 2368 1
2367 2421 1
2368 2369 1
2368 2422 1
2369 2370 1
2369 2423 1
2370 2371 1
2370 2424 1
2371 2372 1
2371 2425 1
2372 2373 1
2372 2426 1
2373 2374 1
2373 2427 1
2374 2375 1
2374 2428 1
2375 2376 1
2375 2429 1
2376 2430 1
2377 2378 1
2377 2431 1
2378 2379 1
2378 2432 1
2379 2380 1
2379 2433 1
2380 2381 1
2380 2434 1
2381 2382 1
2381 2435 1
2382 2383 1
2382 2436 1
2383 2384 1
2383 2437 1
2384 2385 1
2384 2438 1
2385 2386 1
2385 2439 1
2386 2387 1
2386 2440 1
2387 2388 1
2387 2441 1
2388 2389 1
2388 2442 1
2389 2390 1
2389 2443 1
2390 2391 1
2390 2444 1
2391 2392 1
2391 2445 1
2392 2393 1
2392 2446 1
2393 2394 1
2393 2447 1
2394 2395 1
2394 2448 1
2395 2396 1
2395 2449 1
2396 2397 1
2396 2450 1
2397 2398 1
2397 2451 1
2398 2399 1
2398 2452 1
2399 2400 1
2399 2453 1
2400 2401 1
2400 2454 1
2401 2402 1
2401 2455 1
2402 2403 1
2402 2456 1
2403 2404 1
2403 2457 1
2404 2405 1
2404 2458 1
2405 2406 1
2405 2459 1
2406 2407 1
2406 2460 1
2407 2408 1
2407 2461 1
2408 2409 1
2408 2462 1
2409 2410 1
2409 2463 1
2410 2411 1
2410 2464 1
2411 2412 1
2411 2465 1
2412 2413 1
2412 2466 1
2413 2414 1
2413 2467 1
2414 2415 1
2414 2468 1
2415 2416 1
2415 2469 1
2416 2417 1
2416 2470 1
2417 2418 1
2417 2471 1
2418 2419 1
2418 2472 1
2419 2420 1
2419 2473 1
2420 2421 1
2420 2474 1
2421 2422 1
2421 2475 1
2422 2423 1
2422 2476 1
2423 2424 1
2423 2477 1
2424 2425 1
2424 2478 1
2425 2426 1
2425 2479 1
2426 2427 1
2426 2480 1
2427 2428 1
2427 2481 1
2428 2429 1
2428 2482 1
2429 2430 1
2429 2483 1
2430 2484 1
2431 2432 1
2431 2485 1
2432 2433 1
2432 2486 1
2433 2434 1
2433 2487 1
2434 2435 1
2434 2488 1
2435 2436 1
2435 2489 1
2436 2437 1
2436 2490 1
2437 2438 1
2437 2491 1
2438 2439 1
2438 2492 1
2439 2440 1
2439 2493 1
2440 2441 1
2440 2494 1
2441 2442 1
2441 2495 1
2442 2443 1
2442 2496 1
2443 2444 1
2443 2497 1
2444 2445 1
2444 2498 1
2445 2446 1
2445 2499 1
2446 2447 1
2446 2500 1
2447 2448 1
2447 2501 1
2448 2449 1
2448 2502 1
2449 2450 1
2449 2503 1
2450 2451 1
2450 2504 1
2451 2452 1
2451 2505 1
2452 2453 1
2452 2506 1
2453 2454 1
2453 2507 1
2454 2455 1
2454 2508 1
2455 2456 1
2455 2509 1
2456 2457 1
2456 2510 1
2457 2458 1
2457 2511 1
2458 2459 1
2458 2512 1
2459 2460 1
2459 2513 1
2460 2461 1
2460 2514 1
2461 2462 1
2461 2515 1
2462 2463 1
2462 2516 1
2463 2464 1
2463 2517 1
2464 2465 1
2464 2518 1
2465 2466 1
2465 2519 1
2466 2467 1
2466 2520 1
2467 2468 1
2467 2521 1
2468 2469 1
2468 2522 1
2469 2470 1
2469 2523 1
2470 2471 1
2470 2524 1
2471 2472 1
2471 2525 1
2472 2473 1
2472 2526 1
2473 2474 1
2473 2527 1
2474 2475 1
2474 2528 1
2475 2476 1
2475 2529 1
2476 2477 1
2476 2530 1
2477 2478 1
2477 2531 1
2478 2479 1
2478 2532 1
2479 2480 1
2479 2533 1
2480 2481 1
2480 2534 1
2481 2482 1
2481 2535 1
2482 2483 1
2482 2536 1
2483 2484 1
2483 2537 1
2484 2538 1
2485 2486 1
2485 2539 1
2486 2487 1
2486 2540 1
2487 2488 1
2487 2541 1
2488 2489 1
2488 2542 1
2489 2490 1
2489 2543 1
2490 2491 1
2490 2544 1
2491 2492 1
2491 2545 1
2492 2493 1
2492 2546 1
2493 2494 1
2493 2547 1
2494 2495 1
2494 2548 1
2495 2496 1
2495 2549 1
2496 2497 1
2496 2550 1
2497 2498 1
2497 2551 1
2498 2499 1
2498 2552 1
2499 2500 1
2499 2553 1
2500 2501 1
2500 2554 1
2501 2502 1
2501 2555 1
2502 2503 1
2502 2556 1
2503 2504 1
2503 2557 1
2504 2505 1
2504 2558 1
2505 2506 1
2505 2559 1
2506 2507 1
2506 2560 1
2507 2508 1
2507 2561 1
2508 2509 1
2508 2562 1
2509 2510 1
2509 2563 1
2510 2511 1
2510 2564 1
2511 2512 1
2511 2565 1
2512 2513 1
2512 2566 1
2513 2514 1
2513 2567 1
2514 2515 1
2514 2568 1
2515 2516 1
2515 2569 1
2516 2517 1
2516 2570 1
2517 2518 1
2517 2571 1
2518 2519 1
2518 2572 1
2519 2520 1
2519 2573 1
2520 2521 1
2520 2574 1
2521 2522 1
2521 2575 1
2522 2523 1
2522 2576 1
2523 2524 1
2523 2577 1
2524 2525 1
2524 2578 1
2525 2526 1
2525 2579 1
2526 2527 1
2526 2580 1
2527 2528 1
2527 2581 1
2528 2529 1
2528 2582 1
2529 2530 1
2529 2583 1
2530 2531 1
2530 2584 1
2531 2532 1
2531 2585 1
2532 2533 1
2532 2586 1
2533 2534 1
2533 2587 1
2534 2535 1
2534 2588 1
2535 2536 1
2535 2589 1
2536 2537 1
2536 2590 1
2537 2538 1
2537 2591 1
2538 2592 1
2539 2540 1
2539 2593 1
2540 2541 1
2540 2594 1
2541 2542 1
2541 2595 1
2542 2543 1
2542 2596 1
2543 2544 1
2543 2597 1
2544 2545 1
2544 2598 1
2545 2546 1
2545 2599 1
2546 2547 1
2546 2600 1
2547 2548 1
2547 2601 1
2548 2549 1
2548 2602 1
2549 2550 1
2549 2603 1
2550 2551 1
2550 2604 1
2551 2552 1
2551 2605 1
2552 2553 1
2552 2606 1
2553 2554 1
2553 2607 1
2554 2555 1
2554 2608 1
2555 2556 1
2555 2609 1
2556 2557 1
2556 2610 1
2557 2558 1
2557 2611 1
2558 2559 1
2558 2612 1
2559 2560 1
2559 2613 1
2560 2561 1
2560 2614 1
2561 2562 1
2561 2615 1
2562 2563 1
2562 2616 1
2563 2564 1
2563 2617 1
2564 2565 1
2564 2618 1
2565 2566 1
2565 2619 1
2566 2567 1
2566 2620 1
2567 2568 1
2567 2621 1
2568 2569 1
2568 2622 1
2569 2570 1
2569 2623 1
2570 2571 1
2570 2624 1
2571 2572 1
2571 2625 1
2572 2573 1
2572 2626 1
2573 2574 1
2573 2627 1
2574 2575 1
2574 2628 1
2575 2576 1
2575 2629 1
2576 2577 1
2576 2630 1
2577 2578 1
2577 2631 1
2578 2579 1
2578 2632 1
2579 2580 1
2579 2633 1
2580 2581 1
2580 2634 1
2581 2582 1
2581 2635 1
2582 2583 1
2582 2636 1
2583 2584 1
2583 2637 1
2584 2585 1
2584 2638 1
2585 2586 1
2585 2639 1
2586 2587 1
2586 2640 1
2587 2588 1
2587 2641 1
2588 2589 1
2588 2642 1
2589 2590 1
2589 2643 1
2590 2591 1
2590 2644 1
2591 2592 1
2591 2645 1
2592 2646 1
2593 2594 1
2593 2647 1
2594 2595 1
2594 2648 1
2595 2596 1
2595 2649 1
2596 2597 1
2596 2650 1
2597 2598 1
2597 2651 1
2598 2599 1
2598 2652 1
2599 2600 1
2599 2653 1
2600 2601 1
2600 2654 1
2601 2602 1
2601 2655 1
2602 2603 1
2602 2656 1
2603 2604 1
2603 2657 1
2604 2605 1
2604 2658 1
2605 2606 1
2605 2659 1
2606 2607 1
2606 2660 1
2607 2608 1
2607 2661 1
2608 2609 1
2608 2662 1
2609 2610 1
2609 2663 1
2610 2611 1
2610 2664 1
2611 2612 1
2611 2665 1
2612 2613 1
2612 2666 1
2613 2614 1
2613 2667 1
2614 2615 1
2614 2668 1
2615 2616 1
2615 2669 1
2616 2617 1
2616 2670 1
2617 2618 1
2617 2671 1
2618 2619 1
2618 2672 1
2619 2620 1
2619 2673 1
2620 2621 1
2620 2674 1
2621 2622 1
2621 2675 1
2622 2623 1
2622 2676 1
2623 2624 1
2623 2677 1
2624 2625 1
2624 2678 1
2625 2626 1
2625 2679 1
2626 2627 1
2626 2680 1
2627 2628 1
2627 2681 1
2628 2629 1
2628 2682 1
2629 2630 1
2629 2683 1
2630 2631 1
2630 2684 1
2631 2632 1
2631 2685 1
2632 2633 1
2632 2686 1
2633 2634 1
2633 2687 1
2634 2635 1
2634 2688 1
2635 2636 1
2635 2689 1
2636 2637 1
2636 2690 1
2637 2638 1
2637 2691 1
2638 2639 1
2638 2692 1
2639 2640 1
2639 2693 1
2640 2641 1
2640 2694 1
2641 2642 1
2641 2695 1
2642 2643 1
2642 2696 1
2643 2644 1
2643 2697 1
2644 2645 1
2644 2698 1
2645 2646 1
2645 2699 1
2646 2700 1
2647 2648 1
2647 2701 1
2648 2649 1
2648 2702 1
2649 2650 1
2649 2703 1
2650 2651 1
2650 2704 1
2651 2652 1
2651 2705 1
2652 2653 1
2652 2706 1
2653 2654 1
2653 2707 1
2654 2655 1
2654 2708 1
2655 2656 1
2655 2709 1
2656 2657 1
2656 2710 1
2657 2658 1
2657 2711 1
2658 2659 1
2658 2712 1
2659 2660 1
2659 2713 1
2660 2661 1
2660 2714 1
2661 2662 1
2661 2715 1
2662 2663 1
2662 2716 1
2663 2664 1
2663 2717 1
2664 2665 1
2664 2718 1
2665 2666 1
2665 2719 1
2666 2667 1
2666 2720 1
2667 2668 1
2667 2721 1
2668 2669 1
2668 2722 1
2669 2670 1
2669 2723 1
2670 2671 1
2670 2724 1
2671 2672 1
2671 2725 1
2672 2673 1
2672 2726 1
2673 2674 1
2673 2727 1
2674 2675 1
2674 2728 1
2675 2676 1
2675 2729 1
2676 2677 1
2676 2730 1
2677 2678 1
2677 2731 1
2678 2679 1
2678 2732 1
2679 2680 1
2679 2733 1
2680 2681 1
2680 2734 1
2681 2682 1
2681 2735 1
2682 2683 1
2682 2736 1
2683 2684 1
2683 2737 1
2684 2685 1
2684 2738 1
2685 2686 1
2685 2739 1
2686 2687 1
2686 2740 1
2687 2688 1
2687 2741 1
2688 2689 1
2688 2742 1
2689 2690 1
2689 2743 1
2690 2691 1
2690 2744 1
2691 2692 1
2691 2745 1
2692 2693 1
2692 2746 1
2693 2694 1
2693 2747 1
2694 2695 1
2694 2748 1
2695 2696 1
2695 2749 1
2696 2697 1
2696 2750 1
2697 2698 1
2697 2751 1
2698 2699 1
2698 2752 1
2699 2700 1
2699 2753 1
2700 2754 1
2701 2702 1
2701 2755 1
2702 2703 1
2702 2756 1
2703 2704 1
2703 2757 1
2704 2705 1
2704 2758 1
2705 2706 1
2705 2759 1
2706 2707 1
2706 2760 1
2707 2708 1
2707 2761 1
2708 2709 1
2708 2762 1
2709 2710 1
2709 2763 1
2710 2711 1
2710 2764 1
2711 2712 1
2711 2765 1
2712 2713 1
2712 2766 1
2713 2714 1
2713 2767 1
2714 2715 1
2714 2768 1
2715 2716 1
2715 2769 1
2716 2717 1
2716 2770 1
2717 2718 1
2717 2771 1
2718 2719 1
2718 2772 1
2719 2720 1
2719 2773 1
2720 2721 1
2720 2774 1
2721 2722 1
2721 2775 1
2722 2723 1
2722 2776 1
2723 2724 1
2723 2777 1
2724 2725 1
2724 2778 1
2725 2726 1
2725 2779 1
2726 2727 1
2726 2780 1
2727 2728 1
2727 2781 1
2728 2729 1
2728 2782 1
2729 2730 1
2729 2783 1
2730 2731 1
2730 2784 1
2731 2732 1
2731 2785 1
2732 2733 1
2732 2786 1
2733 2734 1
2733 2787 1
2734 2735 1
2734 2788 1
2735 2736 1
2735 2789 1
2736 2737 1
2736 2790 1
2737 2738 1
2737 2791 1
2738 2739 1
2738 2792 1
2739 2740 1
2739 2793 1
2740 2741 1
2740 2794 1
2741 2742 1
2741 2795 1
2742 2743 1
2742 2796 1
2743 2744 1
2743 2797 1
2744 2745 1
2744 2798 1
2745 2746 1
2745 2799 1
2746 2747 1
2746 2800 1
2747 2748 1
2747 2801 1
2748 2749 1
2748 2802 1
2749 2750 1
2749 2803 1
2750 2751 1
2750 2804 1
2751 2752 1
2751 2805 1
2752 2753 1
2752 2806 1
2753 2754 1
2753 2807 1
2754 2808 1
2755 2756 1
2755 2809 1
2756 2757 1
2756 2810 1
2757 2758 1
2757 2811 1
2758 2759 1
2758 2812 1
2759 2760 1
2759 2813 1
2760 2761 1
2760 2814 1
2761 2762 1
2761 2815 1
2762 2763 1
2762 2816 1
2763 2764 1
2763 2817 1
2764 2765 1
2764 2818 1
2765 2766 1
2765 2819 1
2766 2767 1
2766 2820 1
2767 2768 1
2767 2821 1
2768 2769 1
2768 2822 1
2769 2770 1
2769 2823 1
2770 2771 1
2770 2824 1
2771 2772 1
2771 2825 1
2772 2773 1
2772 2826 1
2773 2774 1
2773 2827 1
2774 2775 1
2774 2828 1
2775 2776 1
2775 2829 1
2776 2777 1
2776 2830 1
2777 2778 1
2777 2831 1
2778 2779 1
2778 2832 1
2779 2780 1
2779 2833 1
2780 2781 1
2780 2834 1
2781 2782 1
2781 2835 1
2782 2783 1
2782 2836 1
2783 2784 1
2783 2837 1
2784 2785 1
2784 2838 1
2785 2786 1
2785 2839 1
2786 2787 1
2786 2840 1
2787 2788 1
2787 2841 1
2788 2789 1
2788 2842 1
2789 2790 1
2789 2843 1
2790 2791 1
2790 2844 1
2791 2792 1
2791 2845 1
2792 2793 1
2792 2846 1
2793 2794 1
2793 2847 1
2794 2795 1
2794 2848 1
2795 2796 1
2795 2849 1
2796 2797 1
2796 2850 1
2797 2798 1
2797 2851 1
2798 2799 1
2798 2852 1
2799 2800 1
2799 2853 1
2800 2801 1
2800 2854 1
2801 2802 1
2801 2855 1
2802 2803 1
2802 2856 1
2803 2804 1
2803 2857 1
2804 2805 1
2804 2858 1
2805 2806 1
2805 2859 1
2806 2807 1
2806 2860 1
2807 2808 1
2807 2861 1
2808 2862 1
2809 2810 1
2809 2863 1
2810 2811 1
2810 2864 1
2811 2812 1
2811 2865 1
2812 2813 1
2812 2866 1
2813 2814 1
2813 2867 1
2814 2815 1
2814 2868 1
2815 2816 1
2815 2869 1
2816 2817 1
2816 2870 1
2817 2818 1
2817 2871 1
2818 2819 1
2818 2872 1
2819 2820 1
2819 2873 1
2820 2821 1
2820 2874 1
2821 2822 1
2821 2875 1
2822 2823 1
2822 2876 1
2823 2824 1
2823 2877 1
2824 2825 1
2824 2878 1
2825 2826 1
2825 2879 1
2826 2827 1
2826 2880 1
2827 2828 1
2827 2881 1
2828 2829 1
2828 2882 1
2829 2830 1
2829 2883 1
2830 2831 1
2830 2884 1
2831 2832 1
2831 2885 1
2832 2833 1
2832 2886 1
2833 2834 1
2833 2887 1
2834 2835 1
2834 2888 1
2835 2836 1
2835 2889 1
2836 2837 1
2836 2890 1
2837 2838 1
2837 2891 1
2838 2839 1
2838 2892 1
2839 2840 1
2839 2893 1
2840 2841 1
2840 2894 1
2841 2842 1
2841 2895 1
2842 2843 1
2842 2896 1
2843 2844 1
2843 2897 1
2844 2845 1
2844 2898 1
2845 2846 1
2845 2899 1
2846 2847 1
2846 2900 1
2847 2848 1
2847 2901 1
2848 2849 1
2848 2902 1
2849 2850 1
2849 2903 1
2850 2851 1
2850 2904 1
2851 2852 1
2851 2905 1
2852 2853 1
2852 2906 1
2853 2854 1
2853 2907 1
2854 2855 1
2854 2908 1
2855 2856 1
2855 2909 1
2856 2857 1
2856 2910 1
2857 2858 1
2857 2911 1
2858 2859 1
2858 2912 1
2859 2860 1
2859 2913 1
2860 2861 1
2860 2914 1
2861 2862 1
2861 2915 1
2862 2916 1
2863 2864 1
2864 2865 1
2865 2866 1
2866 2867 1
2867 2868 1
2868 2869 1
2869 2870 1
2870 2871 1
2871 2872 1
2872 2873 1
2873 2874 1
2874 2875 1
2875 2876 1
2876 2877 1
2877 2878 1
2878 2879 1
2879 2880 1
2880 2881 1
2881 2882 1
2882 2883 1
2883 2884 1
2884 2885 1
2885 2886 1
2886 2887 1
2887 2888 1
2888 2889 1
2889 2890 1
2890 2891 1
2891 2892 1
2892 2893 1
2893 2894 1
2894 2895 1
2895 2896 1
2896 2897 1
2897 2898 1
2898 2899 1
2899 2900 1
2900 2901 1
2901 2902 1
2902 2903 1
2903 2904 1
2904 2905 1
2905 2906 1
2906 2907 1
2907 2908 1
2908 2909 1
2909 2910 1
2910 2911 1
2911 2912 1
2912 2913 1
2913 2914 1
2914 2915 1
2915 2916 1
