100 495 
1 40 -2
1 10 -2
1 7 6
1 41 -8
1 33 1
1 25 7
1 95 -7
1 93 0
2 13 -4
2 38 -8
2 52 -8
2 29 6
2 44 1
2 97 6
2 83 2
2 54 -1
2 32 -3
2 100 -2
2 95 -3
2 86 -5
2 48 -1
3 36 5
3 59 0
3 43 -1
3 44 7
3 34 8
3 62 5
3 84 -6
3 14 -5
3 45 -7
3 52 -7
3 57 3
3 48 -6
3 97 10
3 78 4
3 70 -4
4 80 -2
4 55 -2
4 20 -5
4 60 4
4 63 10
4 78 -8
4 5 -5
5 87 1
5 82 0
5 17 7
5 56 -10
5 46 9
5 98 10
5 41 -10
5 62 3
6 83 10
6 42 -10
6 18 -4
6 89 -6
6 70 -7
6 68 -4
7 100 -1
7 84 -1
7 73 2
7 85 0
7 18 10
7 41 -5
7 60 0
7 24 9
7 82 3
7 53 -10
7 98 10
7 79 -1
8 50 7
8 73 10
8 27 -2
8 67 0
8 43 10
8 79 -5
8 81 5
8 82 0
8 25 9
8 45 8
8 97 -5
9 89 -6
9 94 -3
9 44 4
9 48 10
9 37 -3
9 18 -6
9 98 -3
9 93 7
9 67 -6
9 38 2
9 55 8
9 11 4
10 35 -3
10 86 6
10 15 0
10 39 10
10 87 -10
10 56 0
10 38 -8
10 68 7
10 26 -3
10 66 4
11 23 4
11 50 2
11 85 6
11 49 -2
11 26 1
11 65 -2
11 91 7
11 57 3
12 42 -10
12 93 -10
12 50 -5
12 97 2
12 28 1
12 100 -7
12 45 8
12 78 -9
12 46 8
13 20 -7
13 58 0
13 39 7
13 97 6
13 63 -9
13 21 -4
13 92 10
14 96 -1
14 45 -10
14 29 0
14 98 -8
14 24 -3
14 20 10
14 76 -6
14 30 2
14 19 -7
15 59 -2
15 41 -4
15 47 8
15 89 -7
15 27 -1
15 44 -8
15 31 -6
16 71 3
16 56 8
16 69 -7
16 80 -4
16 27 -6
16 83 0
16 40 3
16 35 -8
16 19 -9
16 29 0
17 70 0
17 38 -5
17 84 -2
17 87 3
17 46 5
17 51 -4
17 63 -8
17 36 7
18 99 -7
18 92 9
18 94 9
18 91 -10
18 43 -10
18 61 -9
19 99 -9
19 100 -10
19 64 -4
19 27 -1
19 74 3
19 67 0
19 97 8
19 23 -5
19 62 -1
19 63 9
20 89 -9
20 65 3
20 70 1
20 69 5
20 64 5
20 100 -1
21 22 -10
21 27 7
21 74 5
21 66 -10
22 51 3
22 61 1
22 32 5
23 50 -9
23 74 -9
23 57 -5
23 44 -2
23 24 -8
24 31 3
24 36 0
24 29 -6
24 62 5
24 35 5
24 42 2
24 60 8
24 100 -7
24 93 3
24 45 2
24 90 -5
25 32 -10
25 70 -8
25 33 6
25 46 0
25 75 -1
25 58 -1
25 84 6
25 67 10
26 95 -6
26 96 -1
26 80 -9
26 86 2
26 58 -9
26 74 7
27 45 7
27 75 -4
27 70 3
27 76 -6
27 69 2
27 46 8
27 56 -2
27 92 -10
27 37 3
27 77 2
28 63 7
28 29 3
28 95 3
28 37 -8
28 80 -2
28 92 9
28 94 5
28 71 10
28 79 7
28 96 -8
28 56 8
28 44 -10
28 66 9
29 41 0
29 72 -6
29 33 8
29 31 -1
29 80 7
29 83 7
30 49 4
30 56 -5
30 54 0
30 40 -5
30 80 6
30 38 5
30 86 -2
31 62 -1
31 88 3
31 92 -7
31 82 7
32 58 -8
32 48 2
32 40 -6
32 79 5
32 52 8
33 92 -10
33 47 5
33 68 -9
33 79 1
33 59 -4
33 95 3
33 90 -1
33 37 4
33 56 1
33 50 -2
33 64 -6
34 69 9
34 68 5
34 73 -9
34 48 1
34 75 9
34 44 -7
34 82 -3
34 71 4
34 52 -1
34 36 -4
35 96 7
35 95 -9
35 98 8
35 66 -5
35 88 7
35 86 -6
36 90 -6
36 93 -7
36 47 -8
36 94 -8
36 51 -2
36 62 -8
36 65 -9
36 50 3
36 82 -2
36 42 9
37 53 -5
37 41 -7
37 62 10
37 80 -3
37 94 4
37 55 -9
37 66 -7
37 93 1
37 81 7
37 92 4
37 85 -5
38 55 -5
38 64 -6
38 49 1
39 93 6
39 66 4
39 55 -8
39 94 8
39 84 5
40 90 9
40 48 -1
40 41 2
40 74 0
40 54 1
40 84 4
41 48 4
41 93 5
41 57 -10
41 59 -9
41 68 10
41 58 -3
41 73 0
41 91 4
42 50 2
42 75 6
42 94 8
42 64 1
42 90 -8
42 100 7
42 93 1
43 64 -2
43 49 4
43 81 -3
43 88 -4
44 97 -8
44 91 5
44 96 -2
44 53 -9
45 56 -6
45 72 9
45 68 -10
45 60 9
45 81 -5
45 57 -9
45 92 0
45 67 4
46 75 10
46 94 -3
46 97 -2
48 54 2
48 62 -7
48 83 -1
48 75 0
48 57 -2
48 51 6
49 98 -6
49 96 9
50 97 1
50 90 -6
50 81 2
50 85 8
51 78 -9
51 75 -10
51 61 0
51 99 -8
51 63 -5
51 59 0
51 64 -3
52 63 1
52 90 4
52 76 -4
52 54 5
52 66 10
52 78 2
53 84 10
53 58 1
53 72 -2
53 63 -8
53 64 10
53 77 1
53 95 -1
54 77 -3
54 85 -10
54 59 7
54 68 5
54 56 -6
54 73 -5
54 64 -2
55 76 -4
55 88 -10
55 69 -9
55 91 -9
55 77 -4
56 73 8
56 98 6
56 97 -6
57 89 4
57 91 0
57 71 -8
58 84 9
58 95 -6
59 73 2
59 62 5
60 87 -3
60 78 1
60 94 -4
60 92 -8
60 90 -8
61 78 7
61 67 -6
61 66 1
61 88 -9
61 83 -8
62 91 -8
62 73 6
62 71 -1
62 100 6
63 77 -3
63 70 -5
64 82 9
64 94 -5
64 79 6
64 72 -9
65 91 2
65 94 2
65 78 -2
65 81 5
66 71 -7
66 89 9
66 85 10
66 87 9
67 90 9
67 94 -5
67 69 8
67 98 4
68 71 0
68 78 -10
68 98 -1
68 100 -8
68 92 -8
69 87 8
69 76 -7
69 72 4
70 90 1
70 92 9
71 99 -8
71 72 -1
72 82 5
72 78 6
73 74 9
74 80 2
74 100 1
75 76 6
75 97 -10
75 98 3
77 94 0
77 96 10
78 80 -6
79 99 8
81 100 -9
81 84 -1
82 87 4
82 83 5
82 100 5
82 85 -3
83 91 -8
83 89 5
83 84 6
83 88 -6
84 94 10
85 96 5
86 89 4
86 91 -6
86 93 8
87 89 3
87 91 -5
88 89 7
90 96 -8
91 95 -4
92 97 5
93 99 5
95 98 3
95 99 0
96 97 10
