1.0 -7973.7 0.047869753837585446
1.5 -7960.55 0.043711960315704346
2.0 -7966.15 0.04638705253601074
2.5 -8005.9 0.05256989002227783
3.0 -7967.75 0.0607833743095398
3.5 -8023.35 0.06556829214096069
4.0 -7979.45 0.06035811901092529
4.5 -7996.75 0.08056073188781739
5.0 -8041.05 0.10924628973007203
5.5 -8026.75 0.12311426401138306
6.0 -8031.4 0.10555928945541382
6.5 -8035.3 0.21535803079605104
7.0 -8035.6 0.18378468751907348
7.5 -8005.65 0.21336737871170045
8.0 -8026.25 0.2944527864456177
8.5 -7998.3 0.3345949172973633
9.0 -8016.8 0.46758259534835817
9.5 -8001.05 0.3962720036506653
10.0 -7956.7 0.3589216470718384
