0.1 -7951.25 0.04031169414520264
0.30000000000000004 -7958.5 0.0425703763961792
0.5000000000000001 -7953.95 0.03942335844039917
0.7000000000000001 -7959.95 0.04663703441619873
0.9000000000000001 -7955.85 0.04581996202468872
1.1000000000000003 -7961.65 0.04562934637069702
1.3000000000000003 -7975.6 0.050398969650268556
1.5000000000000004 -7944.5 0.04576752185821533
1.7000000000000004 -7989.25 0.04824463129043579
1.9000000000000004 -7979.5 0.05202096700668335
2.1000000000000005 -7994.4 0.048787260055541994
2.3000000000000007 -7993.3 0.057336282730102536
2.5000000000000004 -7989.4 0.05110622644424438
2.7000000000000006 -7953.65 0.06869438886642457
2.900000000000001 -7971.1 0.05781940221786499
3.1000000000000005 -7981.15 0.055602848529815674
3.3000000000000007 -7954.75 0.061630523204803465
3.500000000000001 -7990.55 0.061057114601135255
3.7000000000000006 -7973.75 0.05619537830352783
3.900000000000001 -7993.65 0.06970148086547852
4.1000000000000005 -8003.8 0.07831223011016845
4.300000000000001 -8008.4 0.08265131711959839
4.500000000000001 -7983.35 0.07663815021514893
4.7 -8011.95 0.08926665782928467
4.9 -8017.1 0.09753196239471436
5.1000000000000005 -8021.4 0.1049663782119751
5.300000000000001 -8035.65 0.09948897361755371
5.500000000000001 -8040.75 0.11742959022521973
5.700000000000001 -8021.65 0.11108877658843994
5.9 -8027.85 0.13857977390289306
6.1000000000000005 -8010.65 0.14653847217559815
6.300000000000001 -8019.0 0.1107283353805542
6.500000000000001 -8027.85 0.15668680667877197
6.700000000000001 -8036.95 0.18079476356506347
6.900000000000001 -8027.35 0.2458530068397522
7.100000000000001 -8044.3 0.2202284336090088
7.300000000000001 -8030.5 0.2075482726097107
7.500000000000001 -7980.85 0.19577761888504028
7.700000000000001 -8007.55 0.18368606567382811
7.900000000000001 -8012.55 0.2836319088935852
8.100000000000001 -8004.65 0.30294432640075686
8.3 -8017.85 0.3431080460548401
8.500000000000002 -8003.0 0.27789785861968996
8.700000000000001 -8021.8 0.47466564178466797
8.900000000000002 -7995.5 0.4785668969154358
9.100000000000001 -8019.75 0.38770846128463743
9.3 -8027.8 0.5438739418983459
9.500000000000002 -8009.05 0.5718442320823669
9.700000000000001 -7976.8 0.3372513771057129
9.900000000000002 -7974.1 0.42846007347106935
10.100000000000001 -8009.9 0.6532258987426758
10.300000000000002 -7975.85 0.5593124747276306
10.500000000000002 -7965.05 0.6910722017288208
10.700000000000001 -7952.4 0.6864190220832824
10.900000000000002 -7939.5 0.5373731136322022
11.100000000000001 -7961.85 0.6123535513877869
11.300000000000002 -7936.9 0.44554380178451536
11.500000000000002 -7921.8 0.6539567708969116
11.700000000000001 -7899.25 0.7195493221282959
11.900000000000002 -7903.05 0.614341425895691
12.100000000000001 -7900.55 0.5154011130332947
12.300000000000002 -7920.75 0.8128062605857849
12.500000000000002 -7884.1 0.9198280811309815
12.700000000000003 -7846.8 0.8190743923187256
12.900000000000002 -7867.0 1.0017907738685607
13.100000000000001 -7850.05 0.9421017408370972
13.300000000000002 -7887.75 0.8406984090805054
13.500000000000002 -7805.2 0.9613200783729553
13.700000000000003 -7853.8 0.9004727602005005
13.900000000000002 -7814.9 1.1024609565734864
14.100000000000003 -7811.9 0.7933528780937195
14.300000000000002 -7781.9 0.9605484962463379
14.500000000000002 -7788.15 1.1576626539230346
14.700000000000003 -7798.0 1.0738195776939392
14.900000000000002 -7743.3 0.9152276754379273
15.100000000000003 -7779.05 1.1734079718589783
15.300000000000002 -7768.15 1.2808014273643493
15.500000000000002 -7735.45 1.0722562670707703
15.700000000000003 -7725.35 0.9838569521903991
15.900000000000002 -7693.8 1.088341748714447
16.100000000000005 -7690.2 1.1835502624511718
16.300000000000004 -7661.9 0.9637879371643067
16.500000000000004 -7731.9 0.9487431883811951
16.700000000000006 -7647.4 1.360249102115631
16.900000000000006 -7716.95 0.9940160751342774
17.100000000000005 -7641.5 0.9892317295074463
17.300000000000004 -7686.95 0.9944330811500549
17.500000000000004 -7695.35 0.953906524181366
17.700000000000006 -7678.55 1.744242775440216
17.900000000000006 -7649.85 0.8753332495689392
18.100000000000005 -7638.1 1.2361870169639588
18.300000000000004 -7624.15 0.44745464324951173
18.500000000000004 -7625.15 1.4137905836105347
18.700000000000006 -7643.2 1.23664710521698
18.900000000000006 -7608.3 1.375446617603302
19.100000000000005 -7604.0 1.4335904359817504
19.300000000000004 -7614.0 1.694264781475067
19.500000000000004 -7621.0 1.3464182496070862
19.700000000000006 -7632.3 1.2027578473091125
19.900000000000006 -7588.0 1.3255852818489076
20.100000000000005 -7610.85 1.126738154888153
