100 495 
1 40 10
1 10 10
1 7 1
1 41 6
1 33 6
1 25 8
1 95 9
1 93 3
2 13 3
2 38 5
2 52 6
2 29 4
2 44 7
2 97 1
2 83 7
2 54 5
2 32 1
2 100 4
2 95 1
2 86 4
2 48 2
3 36 8
3 59 5
3 43 9
3 44 6
3 34 10
3 62 9
3 84 6
3 14 6
3 45 2
3 52 4
3 57 3
3 48 1
3 97 3
3 78 4
3 70 10
4 80 3
4 55 4
4 20 10
4 60 6
4 63 8
4 78 2
4 5 10
5 87 3
5 82 6
5 17 2
5 56 6
5 46 8
5 98 7
5 41 6
5 62 5
6 83 7
6 42 6
6 18 10
6 89 7
6 70 8
6 68 4
7 100 4
7 84 6
7 73 9
7 85 2
7 18 5
7 41 10
7 60 2
7 24 3
7 82 6
7 53 10
7 98 2
7 79 8
8 50 10
8 73 4
8 27 10
8 67 6
8 43 3
8 79 8
8 81 7
8 82 3
8 25 4
8 45 2
8 97 3
9 89 5
9 94 8
9 44 1
9 48 8
9 37 7
9 18 5
9 98 2
9 93 2
9 67 3
9 38 9
9 55 3
9 11 4
10 35 4
10 86 8
10 15 2
10 39 2
10 87 7
10 56 7
10 38 5
10 68 4
10 26 4
10 66 10
11 23 6
11 50 4
11 85 4
11 49 2
11 26 6
11 65 7
11 91 6
11 57 2
12 42 4
12 93 9
12 50 1
12 97 5
12 28 6
12 100 6
12 45 9
12 78 6
12 46 6
13 20 4
13 58 3
13 39 4
13 97 10
13 63 9
13 21 2
13 92 4
14 96 9
14 45 7
14 29 6
14 98 5
14 24 1
14 20 9
14 76 8
14 30 6
14 19 5
15 59 4
15 41 2
15 47 2
15 89 2
15 27 5
15 44 7
15 31 5
16 71 7
16 56 8
16 69 4
16 80 5
16 27 3
16 83 8
16 40 7
16 35 9
16 19 10
16 29 10
17 70 8
17 38 2
17 84 7
17 87 3
17 46 7
17 51 7
17 63 9
17 36 2
18 99 5
18 92 8
18 94 5
18 91 1
18 43 3
18 61 10
19 99 10
19 100 10
19 64 1
19 27 9
19 74 3
19 67 2
19 97 5
19 23 8
19 62 9
19 63 4
20 89 5
20 65 5
20 70 8
20 69 1
20 64 1
20 100 5
21 22 10
21 27 2
21 74 1
21 66 3
22 51 8
22 61 3
22 32 8
23 50 3
23 74 8
23 57 2
23 44 3
23 24 8
24 31 2
24 36 6
24 29 2
24 62 7
24 35 6
24 42 10
24 60 8
24 100 6
24 93 10
24 45 2
24 90 4
25 32 5
25 70 6
25 33 3
25 46 3
25 75 7
25 58 10
25 84 4
25 67 7
26 95 1
26 96 5
26 80 1
26 86 8
26 58 5
26 74 4
27 45 8
27 75 7
27 70 6
27 76 7
27 69 2
27 46 7
27 56 1
27 92 9
27 37 5
27 77 1
28 63 1
28 29 5
28 95 6
28 37 2
28 80 10
28 92 6
28 94 5
28 71 7
28 79 8
28 96 4
28 56 3
28 44 6
28 66 9
29 41 10
29 72 6
29 33 2
29 31 5
29 80 4
29 83 8
30 49 1
30 56 3
30 54 4
30 40 1
30 80 6
30 38 7
30 86 8
31 62 10
31 88 2
31 92 9
31 82 6
32 58 5
32 48 7
32 40 3
32 79 9
32 52 9
33 92 8
33 47 10
33 68 4
33 79 3
33 59 10
33 95 4
33 90 9
33 37 4
33 56 6
33 50 10
33 64 9
34 69 8
34 68 2
34 73 8
34 48 1
34 75 2
34 44 7
34 82 3
34 71 1
34 52 1
34 36 1
35 96 9
35 95 3
35 98 1
35 66 10
35 88 3
35 86 1
36 90 1
36 93 2
36 47 9
36 94 6
36 51 8
36 62 5
36 65 3
36 50 10
36 82 10
36 42 5
37 53 8
37 41 10
37 62 6
37 80 3
37 94 7
37 55 3
37 66 1
37 93 1
37 81 7
37 92 2
37 85 2
38 55 9
38 64 2
38 49 5
39 93 7
39 66 7
39 55 4
39 94 6
39 84 7
40 90 3
40 48 8
40 41 7
40 74 3
40 54 1
40 84 5
41 48 9
41 93 6
41 57 9
41 59 4
41 68 8
41 58 8
41 73 8
41 91 3
42 50 8
42 75 1
42 94 5
42 64 6
42 90 10
42 100 8
42 93 3
43 64 1
43 49 8
43 81 4
43 88 2
44 97 7
44 91 5
44 96 2
44 53 8
45 56 9
45 72 1
45 68 5
45 60 4
45 81 4
45 57 9
45 92 3
45 67 9
46 75 7
46 94 5
46 97 7
48 54 7
48 62 6
48 83 10
48 75 4
48 57 5
48 51 1
49 98 4
49 96 7
50 97 2
50 90 3
50 81 5
50 85 9
51 78 2
51 75 6
51 61 8
51 99 1
51 63 8
51 59 5
51 64 2
52 63 1
52 90 8
52 76 2
52 54 10
52 66 7
52 78 1
53 84 8
53 58 5
53 72 7
53 63 8
53 64 9
53 77 6
53 95 10
54 77 8
54 85 8
54 59 2
54 68 3
54 56 8
54 73 5
54 64 10
55 76 6
55 88 4
55 69 6
55 91 6
55 77 9
56 73 1
56 98 7
56 97 6
57 89 5
57 91 4
57 71 9
58 84 2
58 95 10
59 73 6
59 62 8
60 87 4
60 78 4
60 94 7
60 92 3
60 90 5
61 78 1
61 67 4
61 66 2
61 88 3
61 83 5
62 91 4
62 73 8
62 71 5
62 100 10
63 77 9
63 70 3
64 82 8
64 94 10
64 79 1
64 72 9
65 91 2
65 94 8
65 78 2
65 81 6
66 71 2
66 89 1
66 85 1
66 87 7
67 90 5
67 94 6
67 69 10
67 98 10
68 71 7
68 78 9
68 98 10
68 100 4
68 92 8
69 87 5
69 76 1
69 72 9
70 90 9
70 92 8
71 99 10
71 72 2
72 82 7
72 78 7
73 74 4
74 80 4
74 100 7
75 76 9
75 97 8
75 98 9
77 94 3
77 96 1
78 80 8
79 99 7
81 100 2
81 84 8
82 87 7
82 83 9
82 100 4
82 85 4
83 91 5
83 89 2
83 84 8
83 88 5
84 94 7
85 96 3
86 89 1
86 91 3
86 93 4
87 89 3
87 91 7
88 89 4
90 96 2
91 95 4
92 97 8
93 99 4
95 98 9
95 99 8
96 97 5
