100 2475 
1 71 6
1 50 7
1 95 8
1 99 10
1 51 7
1 52 2
1 27 10
1 42 9
1 48 10
1 64 8
1 20 1
1 56 8
1 63 4
1 30 2
1 49 5
1 5 10
1 37 9
1 10 6
1 31 2
1 82 9
1 83 9
1 61 2
1 11 6
1 69 3
1 58 10
1 72 2
1 38 3
1 65 7
1 67 1
1 96 8
1 29 3
1 62 6
1 33 1
1 78 10
1 32 10
1 81 9
1 47 3
1 16 5
1 9 7
1 66 8
1 86 3
1 87 6
1 40 10
1 26 9
1 46 6
2 23 10
2 100 9
2 98 7
2 21 8
2 58 8
2 57 10
2 69 7
2 20 6
2 48 7
2 24 10
2 91 7
2 99 10
2 27 5
2 70 2
2 16 9
2 31 6
2 9 1
2 55 7
2 59 6
2 75 6
2 5 1
2 51 4
2 42 3
2 52 7
2 18 7
2 39 2
2 13 4
2 37 1
2 72 10
2 78 4
2 79 3
2 32 7
2 44 9
2 81 5
2 7 8
2 33 6
2 14 2
2 95 9
2 68 7
2 47 7
2 30 8
2 38 1
2 77 5
2 8 3
2 89 9
3 57 3
3 40 2
3 52 4
3 22 9
3 9 7
3 41 6
3 35 4
3 62 3
3 64 4
3 33 5
3 67 6
3 81 8
3 74 9
3 48 3
3 69 5
3 45 10
3 93 9
3 83 3
3 10 2
3 100 9
3 26 10
3 88 10
3 80 8
3 29 8
3 32 9
3 46 1
3 90 3
3 87 3
3 94 3
3 8 8
3 56 6
3 71 2
3 53 7
3 91 6
3 63 5
3 61 1
3 66 2
3 78 10
3 13 1
3 16 3
3 20 7
3 96 8
3 43 3
3 50 10
3 89 6
3 17 9
3 14 6
3 15 3
3 31 1
3 42 4
3 86 9
4 77 5
4 14 4
4 70 7
4 40 6
4 72 3
4 33 5
4 92 2
4 19 1
4 16 2
4 43 1
4 64 2
4 66 8
4 75 10
4 6 7
4 36 8
4 28 5
4 47 6
4 93 1
4 8 6
4 95 7
4 53 5
4 60 7
4 15 4
4 68 2
4 56 6
4 57 7
4 88 7
4 48 2
4 39 8
4 7 9
4 83 3
4 69 8
4 46 9
4 52 9
4 51 6
4 38 6
4 85 3
4 22 5
5 8 7
5 62 2
5 7 9
5 57 2
5 64 3
5 32 10
5 22 6
5 61 5
5 70 9
5 39 8
5 86 5
5 21 4
5 68 2
5 48 7
5 18 10
5 31 3
5 10 9
5 44 4
5 78 3
5 72 8
5 43 9
5 59 5
5 27 5
5 55 10
5 23 9
5 50 10
5 94 2
5 40 7
5 63 7
5 24 2
5 88 2
5 51 2
5 19 3
5 99 3
5 42 2
5 54 6
5 83 3
5 26 7
5 41 10
5 52 10
5 79 9
5 47 2
5 45 3
5 80 9
5 100 7
5 73 10
5 16 6
5 20 6
5 11 2
5 33 1
5 37 8
6 59 1
6 62 7
6 89 9
6 94 10
6 23 8
6 41 1
6 97 6
6 33 1
6 79 2
6 20 1
6 71 9
6 83 10
6 68 8
6 99 4
6 75 5
6 56 3
6 40 9
6 58 4
6 30 7
6 91 2
6 24 8
6 81 7
6 42 7
6 73 2
6 44 6
6 78 8
6 74 5
6 95 6
6 22 10
6 43 10
6 88 4
6 55 10
6 63 2
6 65 10
6 16 6
6 19 6
6 13 2
6 12 3
6 87 9
6 47 2
6 34 4
6 14 2
6 82 4
6 86 10
6 98 3
6 93 4
6 15 9
6 80 2
7 100 5
7 85 8
7 17 7
7 80 7
7 45 5
7 63 7
7 61 3
7 91 2
7 74 1
7 44 10
7 47 8
7 26 8
7 95 2
7 46 10
7 40 2
7 51 7
7 68 10
7 94 3
7 25 2
7 43 9
7 39 7
7 23 7
7 12 5
7 65 6
7 11 3
7 32 3
7 58 10
7 18 10
7 70 6
7 19 5
7 92 4
7 89 8
7 57 7
7 88 8
7 28 1
7 81 9
7 97 10
8 68 7
8 95 10
8 18 4
8 51 10
8 28 7
8 32 9
8 72 10
8 38 8
8 43 9
8 98 9
8 27 2
8 71 2
8 20 5
8 90 1
8 64 5
8 67 5
8 60 5
8 33 9
8 17 10
8 62 7
8 31 10
8 78 8
8 24 3
8 84 1
8 47 1
8 12 9
8 9 10
8 59 7
8 82 2
8 96 4
8 25 9
8 93 6
8 85 4
8 63 4
8 10 10
8 16 4
8 36 1
8 76 1
8 21 7
8 66 10
8 61 3
8 55 4
8 92 4
8 13 10
8 75 6
8 86 8
8 69 3
8 97 5
8 48 1
9 69 4
9 65 10
9 12 2
9 50 5
9 43 5
9 93 2
9 84 3
9 42 7
9 13 4
9 87 1
9 59 10
9 18 10
9 82 9
9 53 9
9 85 6
9 63 1
9 94 3
9 26 8
9 68 2
9 90 3
9 58 8
9 98 6
9 71 10
9 30 7
9 96 1
9 83 7
9 78 5
9 99 5
9 25 5
9 86 1
9 60 7
9 64 5
9 61 9
9 54 5
9 73 5
9 17 2
9 37 10
9 27 4
9 34 6
9 89 10
9 52 8
9 24 8
10 35 7
10 53 3
10 22 6
10 87 8
10 96 6
10 42 1
10 31 8
10 83 1
10 90 4
10 50 4
10 57 7
10 47 1
10 97 3
10 98 3
10 16 2
10 99 3
10 61 6
10 58 3
10 51 10
10 100 1
10 77 9
10 39 3
10 86 3
10 41 7
10 79 5
10 21 9
10 78 2
10 44 1
10 84 8
10 54 2
10 72 5
10 74 10
10 82 3
10 70 1
10 85 4
10 19 1
10 14 1
10 62 1
10 67 2
10 40 2
10 18 1
10 36 4
10 11 10
10 33 1
10 13 5
10 32 6
10 64 7
10 20 4
10 37 4
10 92 9
10 38 10
11 76 2
11 44 6
11 63 8
11 83 6
11 77 2
11 45 2
11 27 8
11 32 3
11 99 8
11 58 5
11 65 1
11 90 6
11 48 2
11 84 5
11 75 10
11 66 10
11 39 7
11 60 1
11 62 4
11 97 7
11 57 10
11 87 7
11 68 10
11 86 5
11 56 3
11 78 5
11 46 9
11 82 1
11 95 4
11 61 10
11 13 9
11 36 6
11 42 7
11 85 5
11 17 8
11 71 4
11 15 1
11 79 1
11 94 6
11 22 3
11 14 2
11 21 1
11 55 9
11 64 8
11 49 7
11 16 10
11 93 1
12 74 5
12 95 3
12 50 4
12 77 2
12 80 5
12 91 3
12 52 1
12 93 6
12 20 4
12 87 7
12 25 8
12 58 1
12 53 2
12 59 3
12 15 9
12 30 9
12 57 7
12 31 10
12 82 1
12 42 4
12 83 5
12 16 3
12 29 5
12 21 10
12 56 5
12 68 1
12 41 1
12 70 6
12 62 10
12 27 2
12 35 9
12 73 3
12 36 9
12 34 8
12 99 1
12 92 6
12 81 9
12 22 10
12 45 8
12 85 3
12 65 10
12 26 6
12 60 1
12 86 3
13 87 8
13 16 3
13 19 7
13 52 8
13 95 1
13 45 1
13 66 5
13 85 9
13 84 5
13 77 9
13 35 6
13 23 10
13 30 3
13 70 10
13 24 4
13 74 2
13 79 9
13 96 3
13 29 8
13 80 8
13 18 3
13 94 9
13 76 10
13 37 4
13 31 4
13 90 9
13 33 10
13 63 4
13 27 10
13 88 9
13 62 3
13 48 10
13 51 1
13 64 10
13 14 6
13 54 4
13 73 9
13 39 3
13 20 7
13 98 2
13 92 3
13 17 7
13 38 9
13 82 5
13 78 5
13 42 10
13 89 2
13 46 7
14 28 10
14 40 1
14 100 10
14 30 2
14 24 9
14 15 1
14 80 10
14 57 4
14 48 8
14 16 10
14 25 4
14 59 2
14 72 2
14 79 7
14 29 10
14 99 7
14 43 4
14 86 8
14 69 7
14 81 5
14 78 2
14 90 6
14 76 5
14 18 3
14 62 2
14 52 1
14 64 6
14 88 8
14 31 3
14 74 10
14 20 6
14 61 9
14 49 6
14 68 6
14 37 5
14 51 10
14 34 10
14 84 9
14 96 8
14 73 7
14 32 4
15 90 7
15 44 4
15 56 9
15 35 9
15 36 9
15 76 8
15 52 5
15 17 2
15 46 8
15 77 1
15 32 6
15 95 5
15 67 9
15 69 9
15 55 6
15 86 2
15 92 3
15 16 10
15 74 1
15 70 10
15 28 5
15 31 1
15 22 4
15 81 10
15 60 2
15 79 9
15 47 3
15 37 8
15 48 3
15 93 8
15 73 10
15 100 5
15 68 5
15 43 8
15 84 10
15 20 5
15 41 6
15 26 4
15 33 8
15 51 2
15 78 8
15 97 4
15 71 2
15 89 6
15 57 10
15 42 3
15 87 5
15 39 9
15 21 1
15 29 2
16 88 10
16 46 8
16 96 6
16 58 10
16 56 5
16 39 4
16 24 3
16 64 8
16 35 3
16 70 10
16 85 10
16 93 10
16 34 3
16 78 10
16 42 7
16 74 5
16 23 10
16 87 5
16 61 5
16 89 5
16 60 2
16 22 8
16 55 3
16 50 7
16 77 1
16 54 10
16 30 3
16 65 8
16 47 10
16 18 1
16 57 1
16 63 7
16 51 7
16 66 4
16 25 2
16 90 5
16 82 3
16 40 3
16 38 3
16 19 5
16 92 8
16 97 4
16 99 4
16 17 8
17 28 7
17 62 9
17 80 9
17 32 9
17 94 7
17 79 9
17 19 8
17 48 5
17 36 1
17 83 2
17 56 7
17 98 5
17 63 10
17 30 8
17 82 5
17 41 4
17 26 1
17 43 3
17 88 4
17 92 4
17 86 6
17 46 1
17 69 9
17 34 9
17 27 4
17 49 8
17 65 4
17 53 4
17 59 8
17 22 2
17 84 6
17 35 9
17 38 9
17 70 10
17 90 6
17 99 4
17 72 9
17 97 9
17 91 6
17 58 8
17 73 1
17 39 2
17 18 8
17 68 8
17 45 8
17 50 5
17 20 1
17 47 3
17 40 1
17 66 6
17 89 8
17 33 6
18 21 5
18 20 10
18 94 2
18 39 6
18 71 4
18 47 8
18 68 3
18 67 3
18 24 3
18 92 8
18 50 3
18 32 1
18 73 1
18 26 10
18 88 8
18 60 10
18 86 7
18 57 6
18 28 5
18 55 1
18 76 1
18 43 6
18 34 6
18 77 1
18 63 8
18 65 3
18 35 7
18 82 2
18 84 6
18 72 10
18 66 5
18 87 5
18 42 7
18 96 9
18 25 3
18 78 9
18 61 2
18 37 6
18 38 6
19 89 9
19 80 2
19 67 9
19 56 1
19 43 5
19 86 6
19 71 4
19 36 5
19 27 6
19 49 5
19 21 6
19 55 1
19 40 10
19 58 8
19 22 10
19 95 3
19 53 2
19 54 8
19 77 8
19 76 5
19 92 6
19 63 6
19 78 4
19 84 3
19 91 4
19 69 3
19 68 6
19 74 8
19 38 7
19 73 5
19 88 5
19 46 2
19 79 3
19 41 1
19 65 6
19 90 1
19 30 10
19 96 9
19 52 9
20 79 4
20 58 4
20 47 3
20 25 5
20 74 2
20 41 9
20 84 1
20 32 10
20 26 9
20 85 8
20 80 6
20 22 6
20 86 4
20 45 3
20 87 4
20 64 4
20 100 7
20 91 3
20 98 5
20 28 2
20 99 6
20 50 2
20 42 1
20 97 5
20 83 2
20 54 3
20 67 1
20 70 5
20 53 6
20 77 5
20 52 6
20 61 5
20 56 3
20 69 1
20 82 6
20 76 3
20 60 7
20 29 3
21 100 7
21 26 6
21 55 6
21 72 5
21 45 5
21 58 10
21 52 8
21 79 3
21 64 4
21 37 9
21 71 3
21 88 1
21 62 4
21 28 7
21 50 3
21 65 4
21 57 3
21 66 7
21 92 8
21 24 6
21 89 3
21 68 1
21 84 10
21 44 2
21 69 6
21 74 8
21 35 9
21 38 9
21 51 2
21 33 7
21 29 8
21 80 1
21 99 2
21 98 2
21 48 1
21 70 10
21 93 3
21 49 10
21 90 2
21 94 4
21 42 3
21 97 4
21 86 9
21 34 7
21 85 6
22 50 5
22 30 2
22 24 8
22 78 10
22 36 8
22 53 6
22 84 10
22 48 10
22 70 2
22 59 7
22 44 8
22 35 1
22 26 6
22 74 2
22 91 6
22 86 8
22 68 5
22 47 9
22 29 8
22 98 1
22 94 7
22 51 5
22 33 3
22 100 10
22 55 2
22 37 4
22 90 7
22 95 6
22 75 6
22 57 6
22 27 7
22 81 4
22 49 4
22 41 5
22 63 10
22 56 4
22 39 9
22 97 2
22 45 8
23 56 1
23 44 4
23 59 5
23 33 5
23 25 7
23 26 5
23 27 5
23 96 1
23 58 1
23 29 9
23 39 1
23 98 2
23 81 1
23 41 4
23 65 7
23 40 4
23 35 5
23 78 2
23 89 4
23 52 10
23 72 1
23 82 7
23 76 9
23 91 1
23 100 10
23 57 10
23 30 8
23 86 5
23 24 3
23 75 10
23 60 6
23 53 1
23 80 8
23 55 2
23 73 2
23 70 10
23 34 4
24 76 4
24 35 1
24 50 1
24 46 9
24 97 9
24 67 5
24 28 1
24 45 6
24 38 8
24 86 2
24 55 10
24 100 3
24 33 8
24 84 9
24 27 7
24 34 4
24 90 3
24 56 9
24 74 8
24 75 6
24 77 6
24 39 5
24 60 2
24 70 4
24 88 6
24 59 1
24 30 8
24 51 6
24 40 8
24 36 10
24 62 10
24 31 3
24 57 7
24 42 6
24 48 7
25 47 2
25 42 3
25 77 10
25 48 9
25 74 4
25 73 3
25 46 8
25 78 9
25 64 8
25 58 7
25 26 9
25 44 6
25 40 6
25 37 8
25 55 1
25 80 4
25 65 4
25 81 2
25 76 3
25 88 10
25 36 10
25 29 9
25 90 9
25 72 9
25 79 9
25 82 2
25 51 9
25 83 3
25 38 2
25 99 7
25 52 4
25 62 2
25 27 3
25 68 10
25 93 5
25 97 6
25 94 3
25 56 9
25 35 9
25 85 5
25 60 9
26 59 1
26 55 8
26 96 3
26 97 10
26 92 1
26 33 4
26 91 3
26 44 9
26 75 10
26 31 8
26 53 9
26 52 9
26 58 5
26 28 2
26 54 1
26 64 1
26 99 1
26 78 9
26 32 1
26 48 2
26 65 1
26 73 9
26 68 8
26 89 5
26 93 3
26 88 4
26 84 6
26 46 7
26 57 1
26 56 5
26 41 2
26 70 10
27 55 1
27 68 3
27 65 3
27 49 9
27 37 10
27 63 4
27 60 10
27 54 1
27 48 10
27 84 9
27 58 4
27 88 10
27 67 6
27 98 9
27 95 9
27 43 1
27 45 7
27 35 3
27 42 1
27 30 2
27 75 1
27 90 8
27 73 1
27 57 1
27 34 1
27 52 6
27 77 5
27 51 1
27 28 10
27 97 8
27 74 6
27 72 7
27 80 4
27 47 6
27 99 1
27 87 7
28 34 3
28 50 8
28 48 10
28 36 9
28 72 1
28 98 4
28 76 7
28 35 7
28 95 3
28 60 10
28 37 3
28 30 7
28 49 2
28 96 7
28 87 6
28 78 9
28 39 3
28 80 6
28 88 2
28 54 2
28 89 3
28 82 4
28 57 9
28 32 7
28 33 10
28 65 2
28 40 2
28 70 1
28 56 9
28 97 6
28 44 6
28 61 3
28 68 7
28 91 9
28 90 1
29 43 7
29 55 3
29 90 10
29 56 10
29 35 1
29 72 1
29 52 7
29 88 9
29 81 8
29 59 1
29 50 3
29 62 3
29 100 7
29 76 5
29 60 5
29 70 10
29 41 8
29 87 9
29 64 3
29 37 10
29 92 1
29 67 2
29 80 3
29 73 2
29 32 8
29 57 9
29 39 8
29 86 5
29 30 4
29 45 1
29 69 1
29 65 9
29 44 5
29 99 4
29 63 3
29 49 9
29 34 2
29 95 2
29 82 10
30 37 6
30 76 7
30 48 8
30 89 7
30 40 8
30 70 1
30 69 7
30 77 6
30 92 6
30 65 2
30 91 6
30 44 8
30 54 1
30 68 8
30 43 8
30 98 3
30 45 7
30 41 8
30 78 2
30 75 4
30 49 9
30 47 2
30 57 3
30 32 1
30 52 7
30 81 5
30 80 8
30 72 10
30 53 7
30 94 6
30 39 8
30 61 5
30 64 1
30 67 2
30 42 9
30 79 9
31 37 5
31 73 10
31 55 7
31 88 2
31 99 3
31 63 8
31 93 8
31 95 5
31 53 6
31 43 4
31 50 8
31 62 10
31 83 6
31 51 8
31 85 4
31 84 2
31 79 1
31 40 10
31 76 8
31 60 6
31 44 6
31 77 6
31 34 3
31 49 10
31 81 7
31 56 1
31 59 7
31 91 9
31 41 4
31 66 2
31 52 9
31 38 1
31 96 7
32 59 6
32 90 2
32 91 10
32 45 8
32 85 5
32 48 8
32 37 6
32 70 2
32 92 3
32 95 1
32 49 1
32 86 2
32 100 6
32 75 7
32 33 5
32 99 8
32 47 10
32 62 5
32 34 8
32 73 4
32 98 6
32 71 6
32 69 2
32 80 7
32 64 5
32 84 4
32 72 9
32 41 5
32 83 8
32 50 9
32 60 9
32 81 7
32 88 8
32 66 3
32 77 4
33 82 1
33 68 1
33 57 2
33 77 3
33 66 7
33 35 7
33 75 9
33 47 2
33 86 7
33 65 4
33 83 4
33 78 2
33 79 4
33 96 3
33 45 7
33 85 3
33 37 2
33 84 1
33 61 5
33 53 6
33 51 8
33 74 1
33 98 8
33 99 1
33 64 6
33 80 2
33 40 9
33 91 7
33 97 4
33 72 2
33 50 6
33 67 3
33 94 7
33 48 4
33 88 3
33 56 6
33 63 1
33 39 9
34 59 7
34 43 3
34 44 9
34 85 7
34 50 10
34 71 3
34 96 9
34 68 5
34 56 10
34 95 9
34 98 3
34 38 8
34 66 8
34 39 2
34 53 3
34 41 6
34 58 8
34 54 3
34 57 10
34 65 2
34 90 3
34 83 1
34 45 8
34 64 7
34 86 2
34 42 2
34 62 6
34 76 8
34 84 3
34 37 3
34 79 7
34 93 10
34 87 8
34 78 5
34 40 4
34 47 2
34 81 10
34 100 4
34 97 6
34 92 8
34 63 5
35 43 9
35 100 2
35 91 1
35 59 1
35 92 5
35 62 8
35 46 3
35 53 1
35 98 2
35 68 4
35 37 8
35 67 8
35 84 4
35 95 6
35 40 4
35 50 8
35 65 7
35 85 10
35 63 3
35 88 1
35 61 1
35 96 2
35 56 5
35 45 3
35 97 6
35 36 4
35 86 1
35 42 7
35 89 10
35 80 8
35 58 2
36 50 9
36 62 4
36 83 1
36 53 4
36 99 9
36 64 6
36 44 2
36 49 4
36 59 4
36 72 1
36 97 6
36 67 6
36 45 1
36 66 7
36 76 2
36 92 6
36 85 7
36 58 8
36 48 3
36 47 8
36 86 6
36 87 2
36 100 7
36 63 5
36 80 5
36 71 5
36 43 2
36 52 8
36 94 3
36 46 3
36 75 4
36 38 7
36 57 10
36 88 5
36 69 2
36 95 3
36 65 2
37 67 5
37 41 9
37 83 6
37 59 10
37 81 2
37 79 7
37 75 4
37 51 10
37 64 4
37 52 7
37 80 5
37 91 8
37 62 4
37 61 4
37 48 2
37 77 2
37 78 6
37 55 10
37 90 10
37 50 3
37 73 10
37 71 5
37 98 6
37 56 3
37 42 2
37 39 4
37 58 3
37 93 8
37 46 9
37 69 7
38 77 8
38 69 2
38 54 9
38 50 9
38 41 9
38 62 7
38 44 9
38 66 8
38 57 4
38 74 9
38 79 3
38 65 3
38 89 10
38 42 2
38 97 2
38 70 10
38 72 2
38 88 4
38 61 1
38 95 9
38 81 2
38 53 4
38 76 6
38 86 8
38 58 6
38 100 5
38 59 5
38 40 3
38 60 7
38 49 5
38 46 1
39 81 8
39 40 3
39 58 4
39 73 4
39 46 6
39 59 3
39 75 2
39 98 10
39 52 6
39 87 7
39 63 10
39 90 4
39 53 10
39 71 7
39 50 2
39 84 7
39 88 6
39 80 5
39 60 1
39 64 5
39 51 4
39 47 2
39 70 6
39 48 5
39 96 5
39 55 6
39 94 9
39 93 2
39 85 8
39 74 6
39 97 3
40 49 3
40 61 5
40 78 4
40 70 7
40 43 7
40 75 1
40 52 7
40 98 7
40 92 7
40 72 1
40 88 7
40 93 10
40 74 10
40 80 1
40 100 8
40 53 1
40 55 5
40 48 9
40 47 3
40 65 9
40 95 1
40 91 9
40 57 5
40 69 4
40 71 9
40 81 2
41 88 10
41 83 3
41 76 5
41 89 10
41 46 10
41 73 5
41 62 4
41 86 7
41 64 7
41 52 3
41 91 10
41 45 2
41 68 5
41 49 6
41 82 4
41 67 6
41 72 3
41 78 5
41 65 1
41 57 9
41 55 9
41 53 8
41 56 8
41 69 10
41 58 5
41 51 10
41 60 10
41 97 2
41 71 1
41 94 4
41 81 3
41 95 9
41 87 4
41 61 10
41 42 9
41 48 4
41 98 8
42 55 2
42 43 3
42 48 8
42 58 7
42 90 1
42 56 4
42 54 5
42 69 2
42 65 6
42 73 5
42 60 5
42 98 6
42 97 1
42 72 8
42 51 5
42 74 1
42 94 10
42 88 3
42 82 4
42 85 4
42 91 4
42 92 3
42 62 3
42 46 10
42 81 5
42 89 6
42 61 6
42 84 8
42 93 3
42 78 6
42 67 4
43 80 8
43 54 8
43 61 5
43 88 9
43 94 4
43 68 1
43 63 2
43 97 9
43 50 4
43 53 10
43 59 8
43 70 5
43 81 8
43 74 2
43 48 6
43 51 6
43 89 6
43 90 10
43 98 10
43 99 10
43 55 4
43 84 8
43 82 5
43 86 2
44 95 7
44 81 5
44 56 2
44 96 5
44 63 10
44 62 7
44 76 2
44 67 5
44 88 6
44 75 7
44 70 2
44 72 8
44 55 4
44 87 1
44 48 10
44 73 5
44 100 7
44 58 10
44 83 3
44 57 7
44 86 8
44 77 4
44 71 8
44 91 6
44 60 8
44 93 10
44 54 10
44 78 8
44 69 10
45 87 6
45 82 2
45 88 6
45 57 1
45 63 7
45 92 2
45 48 7
45 69 6
45 91 6
45 67 6
45 47 7
45 50 4
45 79 4
45 64 10
45 98 8
45 66 5
45 99 10
45 68 6
45 70 5
45 97 6
45 59 7
45 93 7
45 81 1
45 53 4
45 75 1
45 62 1
45 85 3
46 52 8
46 48 7
46 90 6
46 51 6
46 86 5
46 70 4
46 59 3
46 71 4
46 61 6
46 69 7
46 92 8
46 57 7
46 95 5
46 58 7
46 75 2
46 47 8
46 81 6
46 80 3
46 62 3
46 63 4
46 67 2
46 72 7
46 96 8
47 87 2
47 83 6
47 86 8
47 81 5
47 78 8
47 50 3
47 71 7
47 59 3
47 56 3
47 54 10
47 58 4
47 80 1
47 63 8
47 85 5
47 82 2
47 75 2
47 93 8
47 73 3
47 65 1
47 49 3
47 94 5
47 48 1
47 66 10
47 88 9
47 52 7
47 53 3
48 92 1
48 74 2
48 85 1
48 99 2
48 100 6
48 96 4
48 95 9
48 63 8
48 82 9
48 49 7
48 90 6
48 61 4
48 93 1
48 60 3
48 50 5
48 73 6
48 75 7
48 51 2
48 58 4
48 83 10
48 86 4
48 67 8
48 62 2
48 65 8
48 77 7
48 87 4
49 89 8
49 58 9
49 50 9
49 76 1
49 100 4
49 82 2
49 71 9
49 90 9
49 72 8
49 80 1
49 67 1
49 99 10
49 96 2
49 59 2
49 64 2
49 63 4
49 53 10
49 68 8
49 92 9
49 52 1
50 87 5
50 92 4
50 72 7
50 63 9
50 93 3
50 66 9
50 83 10
50 97 10
50 56 1
50 99 7
50 59 7
50 84 10
50 80 4
50 100 7
50 71 3
50 98 2
50 89 9
50 67 3
50 52 8
50 81 4
50 73 2
50 54 1
50 53 10
50 79 9
50 74 9
50 86 5
50 75 6
50 90 8
50 57 3
51 94 8
51 100 2
51 78 3
51 60 1
51 55 4
51 71 9
51 98 3
51 62 4
51 69 7
51 56 1
51 74 1
51 61 4
51 59 4
51 73 7
51 63 3
51 52 1
51 81 9
51 97 2
51 88 5
51 68 8
51 54 3
51 58 7
51 92 7
51 67 8
51 83 7
51 86 5
51 89 8
51 66 8
51 84 4
51 72 4
52 72 4
52 55 6
52 92 1
52 89 9
52 95 2
52 88 9
52 81 4
52 54 3
52 100 6
52 93 9
52 68 1
52 58 7
52 96 6
52 79 5
52 94 10
52 91 2
52 66 4
52 87 3
52 69 3
52 64 7
52 86 1
52 71 6
52 59 3
52 74 5
52 80 8
52 62 1
52 63 6
52 77 2
52 73 8
53 54 6
53 93 3
53 95 10
53 100 6
53 68 6
53 97 5
53 60 10
53 87 7
53 75 1
53 82 7
53 72 3
53 59 9
53 78 9
53 77 8
53 81 3
53 66 7
53 58 10
53 63 4
54 87 4
54 90 6
54 56 6
54 83 7
54 64 10
54 67 2
54 62 7
54 74 7
54 60 2
54 88 7
54 58 10
54 73 7
54 99 2
54 100 6
54 79 4
54 77 9
54 72 1
54 86 3
54 92 9
54 96 5
54 98 3
54 95 10
54 76 2
55 59 5
55 74 1
55 100 7
55 56 1
55 73 1
55 89 2
55 62 10
55 90 1
55 79 5
55 65 5
55 95 8
55 99 6
55 78 3
55 67 2
55 63 10
55 93 1
55 58 4
55 69 10
55 80 2
55 85 10
55 70 8
56 85 7
56 81 10
56 80 8
56 63 8
56 87 4
56 62 5
56 90 3
56 71 7
56 89 8
56 65 5
56 78 1
56 99 9
56 93 4
56 91 2
56 61 9
56 70 10
56 83 7
56 96 5
56 95 1
56 92 5
56 94 7
56 82 5
56 58 6
57 62 3
57 80 9
57 72 2
57 79 10
57 84 4
57 94 6
57 75 5
57 70 6
57 67 5
57 71 10
57 99 6
57 96 10
57 78 10
57 73 10
57 63 7
58 74 3
58 81 5
58 86 4
58 90 3
58 82 7
58 63 8
58 66 7
58 64 10
58 92 7
58 67 5
58 80 6
58 78 5
58 99 4
58 83 3
58 98 5
58 94 7
58 77 5
58 71 8
58 62 9
58 60 4
59 92 4
59 93 10
59 77 8
59 94 5
59 65 9
59 69 8
59 75 7
59 61 7
59 76 9
59 74 6
59 95 2
59 99 7
59 78 7
59 63 6
59 98 5
59 72 7
59 60 1
60 66 8
60 68 8
60 94 2
60 63 2
60 81 10
60 69 10
60 64 5
60 75 5
60 82 3
60 80 6
60 61 7
60 89 7
60 90 9
60 62 7
60 83 9
60 98 5
60 74 10
60 77 5
60 99 2
61 66 6
61 81 1
61 71 6
61 77 8
61 68 2
61 67 2
61 82 4
61 91 3
61 80 1
61 75 6
61 69 5
61 70 1
61 79 2
61 78 7
61 64 10
61 99 8
62 63 6
62 99 4
62 78 1
62 67 2
62 69 4
62 85 9
62 68 3
62 98 10
62 90 8
62 65 2
62 77 6
62 70 10
62 86 7
62 100 6
62 87 5
62 94 3
62 72 3
62 79 1
63 69 1
63 98 2
63 88 10
63 67 7
63 93 6
63 83 6
63 82 3
63 70 6
63 81 2
63 87 1
63 76 7
63 84 10
63 73 1
63 96 10
63 72 1
63 64 4
63 86 5
63 77 2
63 68 10
63 92 4
63 94 7
64 83 2
64 97 1
64 98 9
64 72 3
64 70 7
64 82 1
64 92 1
64 66 6
64 95 9
64 93 3
64 81 2
64 68 1
64 87 2
64 69 4
64 90 9
64 79 3
64 76 9
64 88 3
64 65 2
64 91 3
64 77 4
65 69 1
65 95 10
65 79 6
65 84 3
65 76 9
65 66 8
65 75 4
65 81 6
65 85 2
65 94 2
65 72 6
65 86 3
65 99 4
65 96 4
65 97 1
65 87 9
65 71 4
65 80 2
66 69 6
66 90 8
66 81 10
66 98 10
66 100 10
66 73 9
66 76 9
66 99 2
66 86 3
66 74 6
66 95 2
66 72 1
66 88 2
66 85 10
67 91 4
67 94 8
67 96 3
67 87 3
67 75 6
67 89 1
67 71 1
67 86 3
67 83 6
67 78 2
67 77 9
67 80 8
67 76 3
68 87 5
68 81 2
68 69 1
68 94 3
68 85 8
68 84 4
68 74 5
68 96 1
68 97 5
68 75 9
68 80 1
68 95 9
68 90 10
68 71 10
68 91 9
68 86 2
68 100 1
69 88 7
69 98 7
69 100 6
69 71 5
69 96 1
69 70 4
69 78 10
69 81 5
69 93 9
69 72 4
69 80 5
69 90 6
69 73 4
70 76 9
70 83 10
70 86 7
70 96 6
70 91 1
70 85 10
70 92 5
70 82 2
70 84 1
70 93 10
70 94 9
70 98 6
70 95 8
70 89 10
70 77 1
70 74 3
70 80 5
70 87 2
71 84 4
71 88 2
71 87 8
71 79 2
71 73 9
71 94 8
71 81 4
71 76 1
71 80 6
71 90 3
71 82 10
71 91 9
71 100 6
71 85 7
72 89 6
72 92 10
72 77 4
72 97 3
72 94 7
72 81 7
72 75 1
72 95 9
72 83 2
72 76 10
72 79 6
72 98 2
72 99 7
72 93 1
72 84 9
73 75 9
73 88 8
73 87 5
73 98 7
73 74 7
73 81 2
73 86 8
73 80 7
73 96 7
73 94 4
73 100 4
73 90 6
74 87 7
74 92 3
74 79 2
74 99 8
74 77 9
74 85 9
74 84 9
74 96 1
74 76 4
74 88 10
74 93 10
75 87 8
75 79 5
75 86 3
75 85 4
75 83 8
75 94 1
75 95 10
75 91 5
75 81 4
75 77 10
75 97 2
75 84 3
75 82 4
75 88 10
75 93 10
75 78 7
76 77 4
76 88 5
76 95 2
76 91 1
76 94 6
76 86 5
76 90 1
76 87 10
76 79 6
76 96 1
76 83 10
77 91 9
77 87 5
77 88 8
77 92 1
77 90 5
77 80 5
77 81 5
77 79 10
77 97 4
77 82 10
77 94 1
77 98 8
77 93 8
77 84 2
77 85 2
78 83 9
78 86 2
78 89 8
78 99 3
78 84 7
78 81 2
78 80 2
78 93 4
78 90 7
78 97 4
79 98 1
79 84 8
79 85 7
79 95 10
79 87 3
79 97 2
79 81 6
79 86 7
79 83 3
79 99 1
79 82 6
79 93 4
80 90 8
80 100 6
80 81 5
80 88 5
80 85 9
80 94 7
80 86 3
81 87 2
81 98 3
81 91 6
81 84 3
81 97 8
81 94 2
81 82 1
82 85 4
82 92 7
82 88 1
82 84 10
82 99 9
82 86 2
82 95 7
82 83 10
83 93 8
83 92 9
83 89 1
83 95 5
83 86 7
83 94 10
83 90 10
83 99 4
83 91 3
83 98 3
83 96 1
83 85 5
84 93 9
84 100 9
84 88 2
84 94 9
84 92 7
84 87 8
84 90 7
85 91 9
85 94 5
85 96 5
85 95 2
85 100 9
85 86 7
85 90 6
85 97 9
85 87 1
85 93 6
86 89 4
86 90 8
86 97 8
86 95 8
86 91 9
86 99 5
86 92 5
87 94 8
87 91 10
87 89 9
87 97 4
88 96 7
88 90 10
88 92 6
88 100 7
88 99 8
88 93 7
88 98 5
88 89 7
89 94 4
89 97 8
89 95 4
90 97 6
90 100 10
90 99 10
90 91 4
90 92 9
91 94 7
91 95 8
92 94 10
92 93 1
92 98 8
92 99 10
93 95 7
93 97 8
94 99 4
94 97 4
95 99 1
95 96 5
96 100 9
96 97 6
97 98 5
98 99 6
98 100 4
99 100 6
